N Space = 0.20, dt_max = 100 days
nspace mu_expec dt_expec mu_pos dt_pos chi_r chi_g chi_i
0.20  0.45  50.03  1.00  21.18  229.04  243.14   131.65
        mean se_mean     sd   2.5%    25%    50%    75%  97.5%  n_eff   Rhat
Pr[1] 1.5e-6  1.6e-8 1.3e-6 4.9e-8 4.8e-7 1.1e-6 2.1e-6 5.0e-6   7278    1.0
Pr[2] 3.3e-5  3.9e-8 3.3e-6 2.6e-5 3.0e-5 3.3e-5 3.5e-5 3.9e-5   6973    1.0
Pr[3] 9.0e-5  6.7e-8 5.5e-6 7.9e-5 8.7e-5 9.0e-5 9.4e-5 1.0e-4   6728    1.0
Pr[4] 1.3e-6  1.4e-8 1.2e-6 3.6e-8 4.3e-7 9.7e-7 1.9e-6 4.5e-6   7135    1.0
Pr[5] 1.0e-5  3.4e-8 2.7e-6 5.0e-6 8.5e-6 1.0e-5 1.2e-5 1.6e-5   6541    1.0
Pr[6] 2.3e-6  2.1e-8 1.7e-6 9.4e-8 9.2e-7 1.9e-6 3.3e-6 6.3e-6   6633    1.0
Pr[7] 6.6e-6  4.6e-8 3.7e-6 6.2e-7 3.9e-6 6.3e-6 9.1e-6 1.5e-5   6514    1.0
Pr[8]    0.1  6.6e-4   0.06 5.7e-3   0.05    0.1   0.15   0.19   7542    1.0
Pg[1] 2.3e-6  1.8e-8 1.5e-6 1.4e-7 1.1e-6 2.1e-6 3.3e-6 5.8e-6   7131    1.0
Pg[2] 1.3e-5  2.7e-8 1.4e-6 1.0e-5 1.2e-5 1.3e-5 1.4e-5 1.5e-5   2687    1.0
Pg[3] 3.4e-5  5.1e-8 2.4e-6 3.1e-5 3.3e-5 3.4e-5 3.5e-5 3.9e-5   2202    1.0
Pg[4] 4.0e-7  4.6e-9 3.9e-7 1.1e-8 1.2e-7 2.9e-7 5.6e-7 1.4e-6   7178    1.0
Pg[5] 5.4e-6  1.8e-8 1.5e-6 2.5e-6 4.4e-6 5.4e-6 6.4e-6 8.2e-6   6917    1.0
Pg[6] 1.5e-6  1.4e-8 1.1e-6 7.1e-8 6.7e-7 1.4e-6 2.2e-6 4.0e-6   6030    1.0
Pg[7] 3.6e-6  2.4e-8 1.9e-6 3.4e-7 2.2e-6 3.5e-6 4.9e-6 7.8e-6   6652    1.0
Pg[8]   0.07  6.9e-4   0.06 1.6e-3   0.02   0.06   0.11   0.19   6749    1.0
Pi[1] 1.5e-6  1.4e-8 1.2e-6 5.0e-8 5.5e-7 1.2e-6 2.2e-6 4.6e-6   7529    1.0
Pi[2] 2.2e-5  2.4e-8 2.1e-6 1.8e-5 2.0e-5 2.2e-5 2.3e-5 2.6e-5   7074    1.0
Pi[3] 5.6e-5  3.9e-8 3.2e-6 5.0e-5 5.3e-5 5.6e-5 5.8e-5 6.2e-5   6501    1.0
Pi[4] 9.6e-6  2.3e-8 1.9e-6 5.9e-6 8.3e-6 9.6e-6 1.1e-5 1.3e-5   6518    1.0
Pi[5] 1.1e-5  2.4e-8 2.0e-6 6.9e-6 9.3e-6 1.1e-5 1.2e-5 1.5e-5   6608    1.0
Pi[6] 5.0e-6  2.2e-8 1.8e-6 1.6e-6 3.8e-6 5.0e-6 6.2e-6 8.5e-6   6368    1.0
Pi[7] 5.7e-6  3.2e-8 2.5e-6 1.0e-6 3.9e-6 5.6e-6 7.3e-6 1.1e-5   6088    1.0
Pi[8]    0.1  7.0e-4   0.06 5.0e-3   0.05    0.1   0.15    0.2   6869    1.0
lr      9.67  8.7e-3   0.69   8.52   9.19    9.6  10.07  11.25   6337    1.0
lg     17.38    0.03   1.55   14.1  16.62  17.44  18.28  20.13   2649    1.0
li     12.73    0.01   0.95  11.04  12.06  12.67  13.33  14.81   5941    1.0
mu       1.0  5.4e-5 4.5e-3   0.98   0.99    1.0    1.0    1.0   7076    1.0
dt     21.18  5.5e-3   0.38  20.43  20.92  21.17  21.42  21.96   4877    1.0
lp__  770.24    0.06   4.34 760.81 767.53 770.63 773.38 777.69   5073    1.0

None
N Space = 0.80, dt_max = 100 days
nspace mu_expec dt_expec mu_pos dt_pos chi_r chi_g chi_i
0.80  0.45  50.03  0.87  25.33  668905876.31  359435855.02   1576964929.10
        mean se_mean     sd   2.5%    25%    50%    75%  97.5%  n_eff   Rhat
Pr[1]   0.02    0.02   0.04 5.3e-8 5.9e-7 1.4e-6 3.4e-6    0.1      3  288.2
Pr[2]   0.02    0.02   0.04 2.7e-5 3.1e-5 3.4e-5 3.7e-5   0.11      3 267.62
Pr[3]   0.01    0.02   0.03 8.0e-5 8.7e-5 9.2e-5 9.7e-5   0.08      3  357.1
Pr[4]   0.02    0.02   0.03 4.9e-8 5.4e-7 1.3e-6 3.0e-6   0.09      3 329.41
Pr[5]   0.02    0.02   0.04 5.2e-6 8.9e-6 1.1e-5 1.4e-5    0.1      3 305.34
Pr[6]   0.01    0.01   0.02 1.2e-7 1.1e-6 2.4e-6 4.8e-6   0.06      3 220.35
Pr[7]    0.1    0.13   0.23 6.4e-7 4.2e-6 7.2e-6 1.1e-5   0.61      3 1275.9
Pr[8]   0.39  2.6e-3   0.21   0.02   0.24   0.35   0.55   0.77   6344    1.0
Pg[1]   0.01    0.01   0.02 1.8e-7 1.4e-6 2.6e-6 4.6e-6   0.06      3 325.18
Pg[2] 9.5e-3    0.01   0.02 1.1e-5 1.2e-5 1.3e-5 1.5e-5   0.06      3 360.25
Pg[3] 7.4e-3  9.5e-3   0.02 3.1e-5 3.4e-5 3.5e-5 3.8e-5   0.04      3 416.14
Pg[4] 8.7e-3    0.01   0.02 1.2e-8 1.4e-7 3.5e-7 8.7e-7   0.05      3 396.65
Pg[5] 8.5e-3    0.01   0.02 2.5e-6 4.6e-6 5.7e-6 7.3e-6   0.05      3 466.61
Pg[6] 7.9e-3    0.01   0.02 9.9e-8 8.8e-7 1.7e-6 3.1e-6   0.05      3  326.1
Pg[7]   0.02    0.02   0.04 4.2e-7 2.3e-6 4.0e-6 6.2e-6    0.1      3 824.49
Pg[8]   0.27    0.05   0.22 3.7e-3   0.06   0.23   0.48   0.73     18   1.11
Pi[1]   0.01    0.01   0.02 6.3e-8 6.8e-7 1.6e-6 3.3e-6   0.07      3 318.88
Pi[2]   0.01    0.01   0.02 1.8e-5 2.1e-5 2.2e-5 2.4e-5   0.07      3 356.88
Pi[3] 8.0e-3    0.01   0.02 5.0e-5 5.4e-5 5.6e-5 6.0e-5   0.05      3 422.69
Pi[4] 9.8e-3    0.01   0.02 6.1e-6 8.6e-6 1.0e-5 1.2e-5   0.06      3 388.86
Pi[5] 8.5e-3    0.01   0.02 7.0e-6 9.6e-6 1.1e-5 1.3e-5   0.05      3 556.41
Pi[6] 7.0e-3  9.1e-3   0.02 1.7e-6 4.1e-6 5.4e-6 7.3e-6   0.04      3 176.86
Pi[7]    0.1    0.13   0.23 1.2e-6 4.3e-6 6.2e-6 8.9e-6   0.61      3 661.08
Pi[8]   0.36    0.05   0.23   0.02   0.17   0.32   0.56   0.78     24   1.08
lr      8.94    0.96   1.76   5.27   8.87   9.44   9.96  11.13      3   2.92
lg     14.94    2.35    4.3   5.89   15.0  16.49  17.48  19.54      3   3.06
li     11.44    1.62   2.91   5.21  11.56   12.4  13.13  14.58      3   3.59
mu      0.87    0.16   0.28   0.25   0.99    1.0    1.0    1.0      3  71.16
dt     25.33     5.3    9.2  20.51  21.02  21.31  21.73   46.5      3  25.92
lp__  -7.8e8   1.0e9  1.7e9 -4.7e9  768.0 772.78 776.12 780.94      3 138.11

None
N Space = 0.90, dt_max = 100 days
nspace mu_expec dt_expec mu_pos dt_pos chi_r chi_g chi_i
0.90  0.45  50.03  0.87  31.12  227861733.34  116031254.63   288668326.19
        mean se_mean     sd   2.5%    25%     50%    75%  97.5%  n_eff   Rhat
Pr[1] 5.8e-3  7.4e-3   0.01 5.7e-8 5.9e-7  1.4e-6 3.4e-6   0.04      3  10.28
Pr[2] 6.4e-3  8.2e-3   0.01 2.7e-5 3.1e-5  3.3e-5 3.7e-5   0.05      3   9.84
Pr[3] 6.2e-3  7.8e-3   0.01 7.9e-5 8.7e-5  9.1e-5 9.7e-5   0.05      3  10.24
Pr[4] 5.7e-3  7.4e-3   0.01 5.1e-8 5.4e-7  1.3e-6 3.0e-6   0.04      3  11.41
Pr[5] 5.1e-3  6.6e-3   0.01 5.2e-6 9.0e-6  1.1e-5 1.4e-5   0.04      3   9.09
Pr[6] 6.2e-3  7.9e-3   0.01 1.2e-7 1.1e-6  2.4e-6 4.6e-6   0.05      3  11.06
Pr[7]   0.07    0.08   0.15 6.6e-7 4.3e-6  7.3e-6 1.2e-5   0.54      3   6.61
Pr[8]   0.44  2.8e-3   0.24   0.03   0.28    0.39   0.63   0.87   7198   1.01
Pg[1] 4.0e-3  5.2e-3 9.1e-3 1.6e-7 1.4e-6  2.6e-6 4.5e-6   0.03      3   9.99
Pg[2] 4.2e-3  5.4e-3 9.6e-3 1.1e-5 1.2e-5  1.3e-5 1.5e-5   0.03      3   9.57
Pg[3] 4.0e-3  5.1e-3 9.1e-3 3.1e-5 3.4e-5  3.5e-5 3.8e-5   0.03      3  10.79
Pg[4] 4.2e-3  5.4e-3 9.5e-3 1.3e-8 1.4e-7  3.7e-7 9.2e-7   0.03      3  10.08
Pg[5] 4.4e-3  5.6e-3 9.9e-3 2.5e-6 4.6e-6  5.7e-6 7.3e-6   0.03      3   9.78
Pg[6] 4.2e-3  5.4e-3 9.4e-3 9.7e-8 8.5e-7  1.7e-6 3.1e-6   0.03      3  10.77
Pg[7]   0.01    0.02   0.03 3.8e-7 2.3e-6  3.9e-6 6.1e-6   0.09      3  19.04
Pg[8]    0.3    0.06   0.25 4.2e-3   0.07    0.24   0.54   0.82     16   1.12
Pi[1] 4.1e-3  5.2e-3 9.3e-3 6.1e-8 6.7e-7  1.6e-6 3.3e-6   0.03      3   9.95
Pi[2] 4.7e-3  6.0e-3   0.01 1.8e-5 2.1e-5  2.2e-5 2.4e-5   0.04      3   9.22
Pi[3] 4.3e-3  5.4e-3 9.6e-3 5.0e-5 5.4e-5  5.6e-5 6.0e-5   0.03      3  10.49
Pi[4] 3.9e-3  5.0e-3 8.8e-3 6.0e-6 8.6e-6 10.0e-6 1.2e-5   0.03      3  12.35
Pi[5] 3.6e-3  4.6e-3 8.1e-3 7.0e-6 9.7e-6  1.1e-5 1.3e-5   0.03      3   9.62
Pi[6] 4.3e-3  5.5e-3 9.6e-3 1.8e-6 4.1e-6  5.4e-6 7.2e-6   0.03      3  11.45
Pi[7]   0.04    0.05    0.1 1.3e-6 4.3e-6  6.3e-6 9.0e-6   0.39      4   4.42
Pi[8]   0.41    0.05   0.26   0.03   0.19    0.37   0.63   0.87     22   1.09
lr      8.94    0.98    1.8   5.17    8.9    9.46   9.98  11.15      3   3.01
lg     14.81    2.44   4.46   5.41  14.99   16.39  17.43  19.58      3   3.09
li     11.43    1.64   2.95   5.11  11.56   12.38  13.13  14.62      3   3.64
mu      0.87    0.16   0.28   0.25   0.99     1.0    1.0    1.0      3  69.54
dt     31.12   12.77  22.16  20.48  21.02   21.33  21.73   82.4      3  21.84
lp__  -1.5e8   1.8e8  3.8e8 -1.7e9 768.25  773.
None
N Space = 1.00, dt_max = 100 days
nspace mu_expec dt_expec mu_pos dt_pos chi_r chi_g chi_i
1.00  0.45  50.03  1.00  21.24  229.13  244.81   131.77
        mean se_mean     sd   2.5%    25%     50%    75%  97.5%  n_eff   Rhat
Pr[1] 1.5e-6  1.6e-8 1.4e-6 3.7e-8 4.5e-7  1.0e-6 2.1e-6 5.1e-6   7157    1.0
Pr[2] 3.3e-5  4.2e-8 3.3e-6 2.6e-5 3.1e-5  3.3e-5 3.5e-5 3.9e-5   6139    1.0
Pr[3] 9.0e-5  7.3e-8 5.6e-6 7.9e-5 8.7e-5  9.0e-5 9.4e-5 1.0e-4   5866    1.0
Pr[4] 1.4e-6  1.5e-8 1.2e-6 3.8e-8 4.3e-7 10.0e-7 1.9e-6 4.6e-6   7014    1.0
Pr[5] 1.0e-5  3.4e-8 2.8e-6 4.9e-6 8.5e-6  1.0e-5 1.2e-5 1.6e-5   6493    1.0
Pr[6] 2.3e-6  2.1e-8 1.7e-6 8.4e-8 9.5e-7  2.0e-6 3.4e-6 6.4e-6   6729    1.0
Pr[7] 6.6e-6  4.4e-8 3.6e-6 6.5e-7 3.8e-6  6.3e-6 8.9e-6 1.4e-5   6541    1.0
Pr[8]    0.5  3.4e-3   0.29   0.02   0.26     0.5   0.75   0.98   7083    1.0
Pg[1] 2.4e-6  1.9e-8 1.6e-6 1.2e-7 1.1e-6  2.2e-6 3.4e-6 5.9e-6   6677    1.0
Pg[2] 1.3e-5  2.9e-8 1.6e-6 1.1e-5 1.2e-5  1.3e-5 1.4e-5 1.7e-5   3010    1.0
Pg[3] 3.5e-5  5.9e-8 2.8e-6 3.1e-5 3.4e-5  3.5e-5 3.6e-5 4.2e-5   2296    1.0
Pg[4] 3.9e-7  4.4e-9 3.7e-7 1.1e-8 1.1e-7  2.8e-7 5.5e-7 1.4e-6   6949    1.0
Pg[5] 5.4e-6  2.0e-8 1.5e-6 2.5e-6 4.4e-6  5.4e-6 6.4e-6 8.4e-6   5880    1.0
Pg[6] 1.6e-6  1.4e-8 1.1e-6 8.0e-8 7.3e-7  1.5e-6 2.3e-6 4.1e-6   6185    1.0
Pg[7] 3.5e-6  2.6e-8 1.9e-6 3.2e-7 2.0e-6  3.4e-6 4.8e-6 7.5e-6   5658    1.0
Pg[8]   0.28  3.5e-3   0.28 3.0e-3   0.05    0.17   0.44   0.93   6466    1.0
Pi[1] 1.5e-6  1.5e-8 1.3e-6 5.0e-8 5.4e-7  1.2e-6 2.2e-6 4.6e-6   6627    1.0
Pi[2] 2.2e-5  2.6e-8 2.0e-6 1.8e-5 2.0e-5  2.2e-5 2.3e-5 2.6e-5   6383    1.0
Pi[3] 5.6e-5  3.9e-8 3.1e-6 5.0e-5 5.3e-5  5.6e-5 5.8e-5 6.2e-5   6477    1.0
Pi[4] 9.6e-6  2.3e-8 1.9e-6 5.9e-6 8.3e-6  9.6e-6 1.1e-5 1.3e-5   6690    1.0
Pi[5] 1.1e-5  2.5e-8 2.0e-6 6.9e-6 9.4e-6  1.1e-5 1.2e-5 1.5e-5   6139    1.0
Pi[6] 5.0e-6  2.3e-8 1.7e-6 1.6e-6 3.8e-6  5.0e-6 6.1e-6 8.5e-6   5685    1.0
Pi[7] 5.7e-6  3.3e-8 2.5e-6 1.0e-6 3.9e-6  5.6e-6 7.4e-6 1.1e-5   6002    1.0
Pi[8]    0.5  3.5e-3   0.29   0.02   0.25     0.5   0.75   0.97   6948    1.0
lr      9.67  9.5e-3   0.69   8.53    9.2     9.6  10.06  11.24   5292    1.0
lg     16.61    0.03   1.74  12.02   15.8   16.68  17.63  19.73   2937    1.0
li     12.71    0.01   0.91  11.13  12.07   12.64  13.29  14.64   5885    1.0
mu       1.0  5.3e-5 4.6e-3   0.98   0.99     1.0    1.0    1.0   7313    1.0
dt     21.24  5.8e-3   0.39  20.52  20.98   21.23  21.49  22.05   4673    1.0
lp__  774.03    0.06   4.33 764.65 771.29  774.
None
N Space = 3.00, dt_max = 100 days
nspace mu_expec dt_expec mu_pos dt_pos chi_r chi_g chi_i
3.00  0.45  50.03  1.00  21.31  229.16  246.35   131.90
        mean se_mean     sd   2.5%    25%    50%    75%  97.5%  n_eff   Rhat
Pr[1] 1.5e-6  1.6e-8 1.4e-6 4.5e-8 4.7e-7 1.1e-6 2.1e-6 5.1e-6   6996    1.0
Pr[2] 3.3e-5  4.0e-8 3.3e-6 2.6e-5 3.0e-5 3.3e-5 3.5e-5 3.9e-5   6810    1.0
Pr[3] 9.0e-5  6.8e-8 5.5e-6 7.9e-5 8.6e-5 9.0e-5 9.4e-5 1.0e-4   6434    1.0
Pr[4] 1.3e-6  1.4e-8 1.2e-6 4.1e-8 4.3e-7 1.0e-6 1.9e-6 4.4e-6   7328    1.0
Pr[5] 1.0e-5  3.4e-8 2.7e-6 5.0e-6 8.5e-6 1.0e-5 1.2e-5 1.6e-5   6604    1.0
Pr[6] 2.2e-6  2.1e-8 1.7e-6 8.5e-8 9.1e-7 1.9e-6 3.2e-6 6.3e-6   6337    1.0
Pr[7] 6.5e-6  4.4e-8 3.6e-6 5.5e-7 3.8e-6 6.3e-6 8.9e-6 1.4e-5   6684    1.0
Pr[8]   1.51    0.01   0.86   0.08   0.76    1.5   2.27   2.93   7024    1.0
Pg[1] 2.5e-6  2.1e-8 1.6e-6 1.3e-7 1.3e-6 2.3e-6 3.5e-6 6.0e-6   5967    1.0
Pg[2] 1.3e-5  3.3e-8 1.8e-6 1.1e-5 1.2e-5 1.3e-5 1.4e-5 1.8e-5   3002    1.0
Pg[3] 3.6e-5  6.7e-8 3.3e-6 3.2e-5 3.4e-5 3.6e-5 3.7e-5 4.6e-5   2486    1.0
Pg[4] 3.7e-7  4.2e-9 3.6e-7 9.8e-9 1.1e-7 2.6e-7 5.2e-7 1.4e-6   7349    1.0
Pg[5] 5.3e-6  1.9e-8 1.5e-6 2.3e-6 4.3e-6 5.3e-6 6.3e-6 8.2e-6   5943    1.0
Pg[6] 1.7e-6  1.5e-8 1.1e-6 1.0e-7 7.7e-7 1.5e-6 2.4e-6 4.3e-6   5840    1.0
Pg[7] 3.5e-6  2.5e-8 2.0e-6 3.3e-7 2.0e-6 3.4e-6 4.8e-6 7.7e-6   6288    1.0
Pg[8]   0.78    0.01   0.84 5.2e-3    0.1   0.43   1.27    2.8   6194    1.0
Pi[1] 1.5e-6  1.5e-8 1.3e-6 4.9e-8 5.6e-7 1.2e-6 2.2e-6 4.7e-6   6840    1.0
Pi[2] 2.2e-5  2.5e-8 2.1e-6 1.8e-5 2.0e-5 2.2e-5 2.3e-5 2.6e-5   6579    1.0
Pi[3] 5.6e-5  4.2e-8 3.2e-6 5.0e-5 5.3e-5 5.6e-5 5.8e-5 6.2e-5   5807    1.0
Pi[4] 9.6e-6  2.5e-8 1.9e-6 5.8e-6 8.3e-6 9.6e-6 1.1e-5 1.3e-5   5869    1.0
Pi[5] 1.1e-5  2.5e-8 1.9e-6 6.9e-6 9.4e-6 1.1e-5 1.2e-5 1.5e-5   6087    1.0
Pi[6] 5.0e-6  2.2e-8 1.7e-6 1.6e-6 3.8e-6 5.0e-6 6.2e-6 8.4e-6   6069    1.0
Pi[7] 5.7e-6  3.4e-8 2.5e-6 9.5e-7 3.8e-6 5.6e-6 7.4e-6 1.1e-5   5548    1.0
Pi[8]    1.5    0.01   0.86   0.09   0.74   1.51   2.23   2.92   7008    1.0
lr       9.7  8.8e-3   0.68   8.55   9.22   9.63   10.1   11.2   6062    1.0
lg     15.94    0.04   1.92  10.66  15.07   16.0  17.12  19.35   2975    1.0
li     12.68    0.01   0.91  11.08  12.04  12.63  13.26   14.6   5880    1.0
mu       1.0  5.2e-5 4.3e-3   0.98   0.99    1.0    1.0    1.0   6857    1.0
dt     21.31  5.8e-3   0.41  20.53  21.03  21.29  21.57  22.16   4983    1.0
lp__  776.54    0.06   4.37 766.94 773.82 776.91 779.65 783.96   4904    1.0

None
N Space = 10.00, dt_max = 100 days
nspace mu_expec dt_expec mu_pos dt_pos chi_r chi_g chi_i
10.00  0.45  50.03  0.87  21.93  417237052430.27  128575059011.48   676739660893.88
         mean se_mean     sd    2.5%    25%    50%    75%  97.5%  n_eff   Rhat
Pr[1]    0.46    0.59   1.02  5.3e-8 5.9e-7 1.5e-6 3.4e-6   2.77      3  72.94
Pr[2]    0.69    0.88   1.53  2.6e-5 3.1e-5 3.3e-5 3.7e-5   4.19      3  56.78
Pr[3]    0.55    0.71   1.23  7.9e-5 8.7e-5 9.1e-5 9.7e-5   3.37      3  46.67
Pr[4]    0.43    0.56   0.97  5.9e-8 5.5e-7 1.3e-6 2.9e-6   2.67      3   48.1
Pr[5]    0.88    1.14   1.97  5.4e-6 9.0e-6 1.1e-5 1.4e-5   5.43      3  45.05
Pr[6]    0.28    0.37   0.63  1.2e-7 1.1e-6 2.4e-6 4.6e-6   1.72      3  90.77
Pr[7]    1.36    1.76   3.04  6.8e-7 4.3e-6 7.2e-6 1.1e-5   8.17      3 2275.5
Pr[8]    4.86    0.03   2.65    0.25   2.97   4.32   6.95    9.7   6279    1.0
Pg[1]    0.28    0.36   0.62  1.7e-7 1.6e-6 2.9e-6 5.0e-6   1.68      3  70.55
Pg[2]    0.18    0.24   0.41  1.1e-5 1.3e-5 1.4e-5 1.7e-5   1.12      3 138.61
Pg[3]    0.15    0.19   0.33  3.2e-5 3.5e-5 3.7e-5 4.3e-5   0.89      3 145.48
Pg[4]    0.18    0.23   0.39  1.1e-8 1.3e-7 3.4e-7 8.4e-7   1.07      3 109.34
Pg[5]    0.15    0.19   0.33  2.2e-6 4.4e-6 5.6e-6 7.2e-6   0.88      3 148.86
Pg[6]    0.19    0.25   0.43  1.1e-7 9.9e-7 2.0e-6 3.4e-6   1.18      3 100.39
Pg[7]    0.25    0.33   0.57  3.2e-7 2.2e-6 3.8e-6 6.1e-6   1.53      3 957.14
Pg[8]     3.2    0.72   2.92  8.5e-3   0.34   2.37   5.99    9.2     17   1.12
Pi[1]    0.38    0.48   0.84  6.8e-8 6.7e-7 1.6e-6 3.3e-6   2.31      3  47.58
Pi[2]    0.27    0.35   0.61  1.8e-5 2.1e-5 2.2e-5 2.4e-5   1.65      3  88.32
Pi[3]    0.59    0.77   1.33  5.0e-5 5.4e-5 5.7e-5 6.0e-5   3.73      3  23.36
Pi[4]    0.36    0.46    0.8  6.0e-6 8.7e-6 1.0e-5 1.2e-5    2.2      3  38.03
Pi[5]    0.18    0.23    0.4  7.0e-6 9.7e-6 1.1e-5 1.3e-5   1.07      3 102.72
Pi[6]    0.35    0.45   0.78  1.7e-6 4.1e-6 5.5e-6 7.3e-6   2.14      3   45.8
Pi[7]    1.42    1.83   3.18  1.1e-6 4.3e-6 6.3e-6 9.1e-6   8.53      3 1631.3
Pi[8]     4.5    0.59   2.82    0.28   2.16    4.0   6.96   9.67     23   1.08
lr       9.02    0.91   1.69     5.5    8.9    9.5  10.02  11.18      3   2.76
lg      13.53    1.95    3.9    6.09  11.74  14.74  16.15  18.83      4   1.98
li      11.41    1.57   2.81    5.36  11.57  12.38  13.05  14.26      3    3.8
mu       0.87    0.16   0.27    0.26   0.99    1.0    1.0    1.0      3  74.05
dt      21.93    0.63   1.45   20.63  21.16   21.5  21.94  25.85      5   2.21
lp__  -6.0e11  7.
None
N Space = 20.00, dt_max = 100 days
nspace mu_expec dt_expec mu_pos dt_pos chi_r chi_g chi_i
20.00  0.45  50.03  1.00  21.47  229.63  249.54   132.30
        mean se_mean     sd   2.5%    25%    50%    75%  97.5%  n_eff   Rhat
Pr[1] 1.5e-6  1.6e-8 1.4e-6 4.1e-8 4.8e-7 1.1e-6 2.1e-6 5.1e-6   7130    1.0
Pr[2] 3.2e-5  4.3e-8 3.4e-6 2.6e-5 3.0e-5 3.2e-5 3.5e-5 3.9e-5   6129    1.0
Pr[3] 9.0e-5  7.3e-8 5.6e-6 7.8e-5 8.6e-5 9.0e-5 9.3e-5 1.0e-4   5879    1.0
Pr[4] 1.3e-6  1.4e-8 1.2e-6 3.7e-8 4.3e-7 9.8e-7 1.9e-6 4.4e-6   6842    1.0
Pr[5] 1.0e-5  3.4e-8 2.8e-6 5.1e-6 8.6e-6 1.0e-5 1.2e-5 1.6e-5   6749    1.0
Pr[6] 2.2e-6  2.1e-8 1.7e-6 8.5e-8 8.5e-7 1.9e-6 3.2e-6 6.3e-6   6436    1.0
Pr[7] 6.6e-6  4.6e-8 3.6e-6 5.9e-7 3.8e-6 6.3e-6 9.0e-6 1.4e-5   6314    1.0
Pr[8]   10.0    0.07   5.72   0.58   5.05  10.02   14.8  19.51   6486    1.0
Pg[1] 2.7e-6  2.3e-8 1.8e-6 1.6e-7 1.4e-6 2.5e-6 3.8e-6 6.9e-6   5916    1.0
Pg[2] 1.5e-5  4.0e-8 2.4e-6 1.1e-5 1.3e-5 1.4e-5 1.6e-5 2.1e-5   3661    1.0
Pg[3] 3.8e-5  7.9e-8 4.6e-6 3.2e-5 3.5e-5 3.7e-5 4.0e-5 5.0e-5   3347    1.0
Pg[4] 3.5e-7  4.1e-9 3.4e-7 8.2e-9 1.0e-7 2.5e-7 4.9e-7 1.3e-6   7167    1.0
Pg[5] 5.2e-6  2.0e-8 1.6e-6 2.0e-6 4.2e-6 5.2e-6 6.3e-6 8.4e-6   6167    1.0
Pg[6] 1.8e-6  1.7e-8 1.3e-6 9.8e-8 8.4e-7 1.6e-6 2.6e-6 4.7e-6   5556    1.0
Pg[7] 3.4e-6  2.6e-8 2.0e-6 2.2e-7 1.8e-6 3.3e-6 4.7e-6 7.9e-6   6119    1.0
Pg[8]   5.59    0.08   5.96   0.01   0.43   3.11   9.68  18.79   5389    1.0
Pi[1] 1.5e-6  1.5e-8 1.3e-6 5.3e-8 5.7e-7 1.2e-6 2.2e-6 4.7e-6   7447    1.0
Pi[2] 2.2e-5  2.4e-8 2.0e-6 1.8e-5 2.0e-5 2.2e-5 2.3e-5 2.6e-5   6491    1.0
Pi[3] 5.6e-5  3.7e-8 3.0e-6 5.0e-5 5.4e-5 5.6e-5 5.8e-5 6.2e-5   6620    1.0
Pi[4] 9.6e-6  2.3e-8 1.9e-6 5.8e-6 8.3e-6 9.6e-6 1.1e-5 1.3e-5   6792    1.0
Pi[5] 1.1e-5  2.4e-8 2.0e-6 6.8e-6 9.4e-6 1.1e-5 1.2e-5 1.5e-5   6662    1.0
Pi[6] 5.0e-6  2.3e-8 1.8e-6 1.6e-6 3.8e-6 5.0e-6 6.2e-6 8.6e-6   5811    1.0
Pi[7] 5.7e-6  3.5e-8 2.5e-6 1.0e-6 3.9e-6 5.6e-6 7.4e-6 1.1e-5   5405    1.0
Pi[8]   9.83    0.07   5.73    0.5   4.83   9.87  14.75  19.36   6797    1.0
lr      9.76  9.8e-3   0.72   8.61   9.25   9.66  10.18  11.42   5509    1.0
lg     14.48    0.04   2.33   9.66  13.22  14.62  16.02  18.72   3458    1.0
li      12.6    0.01   0.81  11.08  12.03  12.59  13.15  14.21   6322    1.0
mu       1.0  5.0e-5 4.3e-3   0.98   0.99    1.0    1.0    1.0   7209    1.0
dt     21.47  6.5e-3   0.45  20.62  21.16  21.45  21.77  22.38   4743    1.0
lp__  780.53    0.06   4.37 770.89 777.84 780.92 783.57 788.05   4664    1.0

None
N Space = 30.00, dt_max = 100 days
nspace mu_expec dt_expec mu_pos dt_pos chi_r chi_g chi_i
30.00  0.45  50.03  1.00  21.50  229.73  250.33   132.45
        mean se_mean     sd   2.5%    25%    50%    75%  97.5%  n_eff   Rhat
Pr[1] 1.5e-6  1.7e-8 1.4e-6 4.3e-8 4.8e-7 1.1e-6 2.1e-6 5.0e-6   6716    1.0
Pr[2] 3.2e-5  4.1e-8 3.3e-6 2.6e-5 3.0e-5 3.2e-5 3.5e-5 3.9e-5   6205    1.0
Pr[3] 9.0e-5  6.9e-8 5.5e-6 7.8e-5 8.6e-5 9.0e-5 9.3e-5 1.0e-4   6331    1.0
Pr[4] 1.3e-6  1.4e-8 1.2e-6 4.2e-8 4.1e-7 9.6e-7 1.8e-6 4.3e-6   7134    1.0
Pr[5] 1.0e-5  3.3e-8 2.8e-6 5.0e-6 8.5e-6 1.0e-5 1.2e-5 1.6e-5   6963    1.0
Pr[6] 2.3e-6  2.1e-8 1.7e-6 9.9e-8 9.1e-7 1.9e-6 3.2e-6 6.5e-6   6410    1.0
Pr[7] 6.4e-6  4.4e-8 3.6e-6 5.5e-7 3.7e-6 6.2e-6 8.8e-6 1.4e-5   6607    1.0
Pr[8]  15.07     0.1   8.56    0.8   7.75  15.06  22.53  29.28   7183    1.0
Pg[1] 2.8e-6  2.2e-8 1.8e-6 1.7e-7 1.4e-6 2.5e-6 3.9e-6 7.0e-6   6695    1.0
Pg[2] 1.5e-5  4.0e-8 2.6e-6 1.1e-5 1.3e-5 1.4e-5 1.6e-5 2.1e-5   4075    1.0
Pg[3] 3.9e-5  7.8e-8 4.8e-6 3.2e-5 3.6e-5 3.8e-5 4.1e-5 5.1e-5   3867    1.0
Pg[4] 3.6e-7  4.3e-9 3.5e-7 1.0e-8 1.0e-7 2.5e-7 4.9e-7 1.3e-6   6434    1.0
Pg[5] 5.2e-6  2.1e-8 1.6e-6 1.9e-6 4.1e-6 5.2e-6 6.3e-6 8.3e-6   6050    1.0
Pg[6] 1.9e-6  1.6e-8 1.3e-6 1.1e-7 9.1e-7 1.7e-6 2.6e-6 4.8e-6   6448    1.0
Pg[7] 3.4e-6  2.6e-8 2.0e-6 2.4e-7 1.8e-6 3.2e-6 4.7e-6 7.9e-6   5999    1.0
Pg[8]   8.56    0.12   8.97   0.01    0.6    5.1  15.05  28.36   5297    1.0
Pi[1] 1.6e-6  1.5e-8 1.3e-6 5.7e-8 5.4e-7 1.2e-6 2.2e-6 4.7e-6   7252    1.0
Pi[2] 2.2e-5  2.4e-8 2.0e-6 1.8e-5 2.0e-5 2.2e-5 2.3e-5 2.6e-5   6699    1.0
Pi[3] 5.6e-5  3.5e-8 2.9e-6 5.1e-5 5.4e-5 5.6e-5 5.8e-5 6.2e-5   6934    1.0
Pi[4] 9.6e-6  2.3e-8 1.9e-6 5.8e-6 8.3e-6 9.6e-6 1.1e-5 1.3e-5   7153    1.0
Pi[5] 1.1e-5  2.4e-8 2.0e-6 6.8e-6 9.4e-6 1.1e-5 1.2e-5 1.5e-5   6761    1.0
Pi[6] 5.0e-6  2.4e-8 1.8e-6 1.6e-6 3.8e-6 5.0e-6 6.2e-6 8.6e-6   5518    1.0
Pi[7] 5.7e-6  3.5e-8 2.5e-6 9.1e-7 3.9e-6 5.6e-6 7.4e-6 1.1e-5   5233    1.0
Pi[8]  14.68     0.1   8.67   0.63   7.03  14.55  22.19  29.16   7452    1.0
lr      9.77  9.2e-3    0.7    8.6   9.28    9.7  10.17  11.36   5896    1.0
lg     14.19    0.04    2.4    9.5  12.74  14.32  15.73  18.77   3772    1.0
li     12.57  9.5e-3   0.79  11.06  12.02  12.57  13.11  14.11   6950    1.0
mu       1.0  5.0e-5 4.3e-3   0.98   0.99    1.0    1.0    1.0   7426    1.0
dt      21.5  6.5e-3   0.45  20.66  21.19  21.49   21.8  22.41   4837    1.0
lp__  781.56    0.06   4.37 772.18 778.86 781.91 784.68 789.05   4625    1.0

None
N Space = 60.00, dt_max = 100 days
nspace mu_expec dt_expec mu_pos dt_pos chi_r chi_g chi_i
60.00  0.45  50.03  1.00  21.59  230.04  251.23   132.72
        mean se_mean     sd   2.5%    25%    50%    75%   97.5%  n_eff   Rhat
Pr[1] 1.5e-6  1.6e-8 1.4e-6 5.0e-8 4.7e-7 1.1e-6 2.1e-6  5.1e-6   7313    1.0
Pr[2] 3.2e-5  4.2e-8 3.3e-6 2.6e-5 3.0e-5 3.2e-5 3.4e-5  3.9e-5   6160    1.0
Pr[3] 9.0e-5  7.1e-8 5.5e-6 7.8e-5 8.6e-5 9.0e-5 9.3e-5 10.0e-5   5876    1.0
Pr[4] 1.3e-6  1.4e-8 1.2e-6 3.5e-8 4.1e-7 9.6e-7 1.8e-6  4.3e-6   7159    1.0
Pr[5] 1.0e-5  3.4e-8 2.8e-6 5.0e-6 8.5e-6 1.0e-5 1.2e-5  1.6e-5   6421    1.0
Pr[6] 2.2e-6  2.1e-8 1.7e-6 9.7e-8 9.0e-7 1.9e-6 3.3e-6  6.3e-6   6580    1.0
Pr[7] 6.5e-6  4.6e-8 3.6e-6 5.7e-7 3.8e-6 6.2e-6 8.8e-6  1.4e-5   5981    1.0
Pr[8]  29.91    0.22  17.34   1.52  14.77   30.2  44.68   58.49   6478    1.0
Pg[1] 2.9e-6  2.4e-8 1.9e-6 1.8e-7 1.4e-6 2.7e-6 4.1e-6  7.2e-6   6184    1.0
Pg[2] 1.5e-5  4.5e-8 2.6e-6 1.1e-5 1.3e-5 1.5e-5 1.7e-5  2.1e-5   3364    1.0
Pg[3] 4.0e-5  8.9e-8 5.1e-6 3.3e-5 3.6e-5 3.9e-5 4.3e-5  5.2e-5   3263    1.0
Pg[4] 3.5e-7  4.0e-9 3.4e-7 9.3e-9 1.1e-7 2.5e-7 4.9e-7  1.3e-6   7167    1.0
Pg[5] 5.1e-6  2.1e-8 1.6e-6 1.9e-6 4.0e-6 5.1e-6 6.2e-6  8.4e-6   6170    1.0
Pg[6] 2.0e-6  1.7e-8 1.3e-6 9.3e-8 9.2e-7 1.8e-6 2.8e-6  5.1e-6   5970    1.0
Pg[7] 3.5e-6  2.6e-8 2.1e-6 2.7e-7 1.9e-6 3.3e-6 4.8e-6  8.1e-6   6561    1.0
Pg[8]  18.94    0.27  18.55   0.02   1.72  12.93  33.78    57.4   4733    1.0
Pi[1] 1.6e-6  1.5e-8 1.3e-6 5.6e-8 5.5e-7 1.2e-6 2.2e-6  4.7e-6   6894    1.0
Pi[2] 2.2e-5  2.4e-8 1.9e-6 1.8e-5 2.1e-5 2.2e-5 2.3e-5  2.6e-5   6559    1.0
Pi[3] 5.6e-5  3.5e-8 2.8e-6 5.1e-5 5.4e-5 5.6e-5 5.8e-5  6.2e-5   6441    1.0
Pi[4] 9.5e-6  2.3e-8 1.9e-6 5.8e-6 8.3e-6 9.5e-6 1.1e-5  1.3e-5   7132    1.0
Pi[5] 1.1e-5  2.3e-8 1.9e-6 6.9e-6 9.5e-6 1.1e-5 1.2e-5  1.5e-5   6978    1.0
Pi[6] 5.1e-6  2.2e-8 1.8e-6 1.6e-6 3.9e-6 5.1e-6 6.3e-6  8.6e-6   6541    1.0
Pi[7] 5.7e-6  3.1e-8 2.5e-6 1.2e-6 4.0e-6 5.6e-6 7.4e-6  1.1e-5   6445    1.0
Pi[8]  28.99     0.2  17.32   1.41  13.94  28.36  44.09   58.36   7477    1.0
lr      9.78  9.5e-3    0.7   8.61   9.27    9.7  10.19   11.39   5520    1.0
lg     13.55    0.04   2.39   9.39  11.77  13.64  15.05   18.41   3028    1.0
li      12.5  9.2e-3   0.74  11.07   12.0  12.51  13.01   13.92   6389    1.0
mu       1.0  4.8e-5 4.1e-3   0.98   0.99    1.0    1.0     1.0   7153    1.0
dt     21.59  6.9e-3   0.45   20.7  21.27  21.59   21.9   22.47   4276    1.0
lp__  783.33    0.06   4.24 774.03  780.7 783.7
None
N Space = 90.00, dt_max = 100 days
nspace mu_expec dt_expec mu_pos dt_pos chi_r chi_g chi_i
90.00  0.45  50.03  1.00  21.63  230.29  251.65   132.92
        mean se_mean     sd   2.5%    25%    50%    75%   97.5%  n_eff   Rhat
Pr[1] 1.5e-6  1.7e-8 1.4e-6 5.2e-8 4.8e-7 1.1e-6 2.2e-6  5.0e-6   6960    1.0
Pr[2] 3.2e-5  4.0e-8 3.2e-6 2.6e-5 3.0e-5 3.2e-5 3.4e-5  3.8e-5   6596    1.0
Pr[3] 8.9e-5  6.5e-8 5.4e-6 7.8e-5 8.6e-5 9.0e-5 9.3e-5 10.0e-5   6769    1.0
Pr[4] 1.3e-6  1.4e-8 1.2e-6 3.7e-8 4.2e-7 9.6e-7 1.8e-6  4.4e-6   7111    1.0
Pr[5] 1.0e-5  3.2e-8 2.7e-6 5.3e-6 8.6e-6 1.0e-5 1.2e-5  1.6e-5   7096    1.0
Pr[6] 2.2e-6  2.0e-8 1.7e-6 8.8e-8 8.9e-7 1.9e-6 3.2e-6  6.3e-6   6800    1.0
Pr[7] 6.5e-6  4.3e-8 3.6e-6 5.8e-7 3.7e-6 6.2e-6 8.8e-6  1.4e-5   6853    1.0
Pr[8]  44.64    0.41  26.11   2.18  22.13  44.09  67.64   87.87   4056    1.0
Pg[1] 3.0e-6  2.5e-8 1.9e-6 1.8e-7 1.5e-6 2.7e-6 4.2e-6  7.4e-6   6243    1.0
Pg[2] 1.6e-5  4.2e-8 2.7e-6 1.1e-5 1.4e-5 1.5e-5 1.7e-5  2.2e-5   4144    1.0
Pg[3] 4.1e-5  8.2e-8 5.2e-6 3.3e-5 3.7e-5 4.0e-5 4.4e-5  5.2e-5   4014    1.0
Pg[4] 3.6e-7  4.4e-9 3.5e-7 9.9e-9 1.1e-7 2.6e-7 5.0e-7  1.3e-6   6529    1.0
Pg[5] 5.1e-6  2.2e-8 1.7e-6 1.9e-6 4.0e-6 5.1e-6 6.2e-6  8.4e-6   5600    1.0
Pg[6] 2.0e-6  1.7e-8 1.3e-6 1.1e-7 9.7e-7 1.8e-6 2.8e-6  5.1e-6   6155    1.0
Pg[7] 3.5e-6  2.7e-8 2.1e-6 2.2e-7 1.8e-6 3.3e-6 4.8e-6  8.3e-6   6299    1.0
Pg[8]  30.29    0.38  28.43   0.02   3.21   22.3  53.98    86.6   5490    1.0
Pi[1] 1.6e-6  1.5e-8 1.3e-6 6.1e-8 5.7e-7 1.3e-6 2.2e-6  4.8e-6   6961    1.0
Pi[2] 2.2e-5  2.3e-8 1.9e-6 1.8e-5 2.1e-5 2.2e-5 2.3e-5  2.6e-5   6731    1.0
Pi[3] 5.6e-5  3.4e-8 2.8e-6 5.1e-5 5.5e-5 5.6e-5 5.8e-5  6.2e-5   6692    1.0
Pi[4] 9.5e-6  2.4e-8 1.9e-6 5.7e-6 8.3e-6 9.5e-6 1.1e-5  1.3e-5   6489    1.0
Pi[5] 1.1e-5  2.6e-8 2.0e-6 6.8e-6 9.5e-6 1.1e-5 1.2e-5  1.5e-5   6094    1.0
Pi[6] 5.1e-6  2.4e-8 1.8e-6 1.6e-6 3.8e-6 5.0e-6 6.3e-6  8.6e-6   5454    1.0
Pi[7] 5.8e-6  3.3e-8 2.5e-6 1.1e-6 4.0e-6 5.7e-6 7.5e-6  1.1e-5   5874    1.0
Pi[8]  43.17     0.3  26.03   1.97  20.38  42.37  65.58   87.63   7636    1.0
lr       9.8  8.5e-3   0.69   8.67    9.3   9.73   10.2   11.35   6477    1.0
lg     13.21    0.04   2.36   9.31  11.31  13.28  14.65   18.21   3822    1.0
li     12.45  8.7e-3    0.7  11.08  11.97  12.47  12.94   13.78   6450    1.0
mu       1.0  4.8e-5 4.1e-3   0.99   0.99    1.0    1.0     1.0   7085    1.0
dt     21.63  6.5e-3   0.45  20.72  21.32  21.64  21.93   22.48   4850    1.0
lp__  784.27    0.06   4.21 775.21 781.58 784.6
None
N Space = 0.20, dt_max = 100 days
nspace mu_expec dt_expec mu_pos dt_pos chi_r chi_g chi_i
0.20  0.45  50.03  1.00  21.18  229.04  243.14   131.65
        mean se_mean     sd   2.5%    25%    50%    75%  97.5%  n_eff   Rhat
Pr[1] 1.5e-6  1.6e-8 1.3e-6 4.9e-8 4.8e-7 1.1e-6 2.1e-6 5.0e-6   7278    1.0
Pr[2] 3.3e-5  3.9e-8 3.3e-6 2.6e-5 3.0e-5 3.3e-5 3.5e-5 3.9e-5   6973    1.0
Pr[3] 9.0e-5  6.7e-8 5.5e-6 7.9e-5 8.7e-5 9.0e-5 9.4e-5 1.0e-4   6728    1.0
Pr[4] 1.3e-6  1.4e-8 1.2e-6 3.6e-8 4.3e-7 9.7e-7 1.9e-6 4.5e-6   7135    1.0
Pr[5] 1.0e-5  3.4e-8 2.7e-6 5.0e-6 8.5e-6 1.0e-5 1.2e-5 1.6e-5   6541    1.0
Pr[6] 2.3e-6  2.1e-8 1.7e-6 9.4e-8 9.2e-7 1.9e-6 3.3e-6 6.3e-6   6633    1.0
Pr[7] 6.6e-6  4.6e-8 3.7e-6 6.2e-7 3.9e-6 6.3e-6 9.1e-6 1.5e-5   6514    1.0
Pr[8]    0.1  6.6e-4   0.06 5.7e-3   0.05    0.1   0.15   0.19   7542    1.0
Pg[1] 2.3e-6  1.8e-8 1.5e-6 1.4e-7 1.1e-6 2.1e-6 3.3e-6 5.8e-6   7131    1.0
Pg[2] 1.3e-5  2.7e-8 1.4e-6 1.0e-5 1.2e-5 1.3e-5 1.4e-5 1.5e-5   2687    1.0
Pg[3] 3.4e-5  5.1e-8 2.4e-6 3.1e-5 3.3e-5 3.4e-5 3.5e-5 3.9e-5   2202    1.0
Pg[4] 4.0e-7  4.6e-9 3.9e-7 1.1e-8 1.2e-7 2.9e-7 5.6e-7 1.4e-6   7178    1.0
Pg[5] 5.4e-6  1.8e-8 1.5e-6 2.5e-6 4.4e-6 5.4e-6 6.4e-6 8.2e-6   6917    1.0
Pg[6] 1.5e-6  1.4e-8 1.1e-6 7.1e-8 6.7e-7 1.4e-6 2.2e-6 4.0e-6   6030    1.0
Pg[7] 3.6e-6  2.4e-8 1.9e-6 3.4e-7 2.2e-6 3.5e-6 4.9e-6 7.8e-6   6652    1.0
Pg[8]   0.07  6.9e-4   0.06 1.6e-3   0.02   0.06   0.11   0.19   6749    1.0
Pi[1] 1.5e-6  1.4e-8 1.2e-6 5.0e-8 5.5e-7 1.2e-6 2.2e-6 4.6e-6   7529    1.0
Pi[2] 2.2e-5  2.4e-8 2.1e-6 1.8e-5 2.0e-5 2.2e-5 2.3e-5 2.6e-5   7074    1.0
Pi[3] 5.6e-5  3.9e-8 3.2e-6 5.0e-5 5.3e-5 5.6e-5 5.8e-5 6.2e-5   6501    1.0
Pi[4] 9.6e-6  2.3e-8 1.9e-6 5.9e-6 8.3e-6 9.6e-6 1.1e-5 1.3e-5   6518    1.0
Pi[5] 1.1e-5  2.4e-8 2.0e-6 6.9e-6 9.3e-6 1.1e-5 1.2e-5 1.5e-5   6608    1.0
Pi[6] 5.0e-6  2.2e-8 1.8e-6 1.6e-6 3.8e-6 5.0e-6 6.2e-6 8.5e-6   6368    1.0
Pi[7] 5.7e-6  3.2e-8 2.5e-6 1.0e-6 3.9e-6 5.6e-6 7.3e-6 1.1e-5   6088    1.0
Pi[8]    0.1  7.0e-4   0.06 5.0e-3   0.05    0.1   0.15    0.2   6869    1.0
lr      9.67  8.7e-3   0.69   8.52   9.19    9.6  10.07  11.25   6337    1.0
lg     17.38    0.03   1.55   14.1  16.62  17.44  18.28  20.13   2649    1.0
li     12.73    0.01   0.95  11.04  12.06  12.67  13.33  14.81   5941    1.0
mu       1.0  5.4e-5 4.5e-3   0.98   0.99    1.0    1.0    1.0   7076    1.0
dt     21.18  5.5e-3   0.38  20.43  20.92  21.17  21.42  21.96   4877    1.0
lp__  770.24    0.06   4.34 760.81 767.53 770.63 773.38 777.69   5073    1.0

None
N Space = 0.80, dt_max = 100 days
nspace mu_expec dt_expec mu_pos dt_pos chi_r chi_g chi_i
0.80  0.45  50.03  0.87  25.33  668905876.31  359435855.02   1576964929.10
        mean se_mean     sd   2.5%    25%    50%    75%  97.5%  n_eff   Rhat
Pr[1]   0.02    0.02   0.04 5.3e-8 5.9e-7 1.4e-6 3.4e-6    0.1      3  288.2
Pr[2]   0.02    0.02   0.04 2.7e-5 3.1e-5 3.4e-5 3.7e-5   0.11      3 267.62
Pr[3]   0.01    0.02   0.03 8.0e-5 8.7e-5 9.2e-5 9.7e-5   0.08      3  357.1
Pr[4]   0.02    0.02   0.03 4.9e-8 5.4e-7 1.3e-6 3.0e-6   0.09      3 329.41
Pr[5]   0.02    0.02   0.04 5.2e-6 8.9e-6 1.1e-5 1.4e-5    0.1      3 305.34
Pr[6]   0.01    0.01   0.02 1.2e-7 1.1e-6 2.4e-6 4.8e-6   0.06      3 220.35
Pr[7]    0.1    0.13   0.23 6.4e-7 4.2e-6 7.2e-6 1.1e-5   0.61      3 1275.9
Pr[8]   0.39  2.6e-3   0.21   0.02   0.24   0.35   0.55   0.77   6344    1.0
Pg[1]   0.01    0.01   0.02 1.8e-7 1.4e-6 2.6e-6 4.6e-6   0.06      3 325.18
Pg[2] 9.5e-3    0.01   0.02 1.1e-5 1.2e-5 1.3e-5 1.5e-5   0.06      3 360.25
Pg[3] 7.4e-3  9.5e-3   0.02 3.1e-5 3.4e-5 3.5e-5 3.8e-5   0.04      3 416.14
Pg[4] 8.7e-3    0.01   0.02 1.2e-8 1.4e-7 3.5e-7 8.7e-7   0.05      3 396.65
Pg[5] 8.5e-3    0.01   0.02 2.5e-6 4.6e-6 5.7e-6 7.3e-6   0.05      3 466.61
Pg[6] 7.9e-3    0.01   0.02 9.9e-8 8.8e-7 1.7e-6 3.1e-6   0.05      3  326.1
Pg[7]   0.02    0.02   0.04 4.2e-7 2.3e-6 4.0e-6 6.2e-6    0.1      3 824.49
Pg[8]   0.27    0.05   0.22 3.7e-3   0.06   0.23   0.48   0.73     18   1.11
Pi[1]   0.01    0.01   0.02 6.3e-8 6.8e-7 1.6e-6 3.3e-6   0.07      3 318.88
Pi[2]   0.01    0.01   0.02 1.8e-5 2.1e-5 2.2e-5 2.4e-5   0.07      3 356.88
Pi[3] 8.0e-3    0.01   0.02 5.0e-5 5.4e-5 5.6e-5 6.0e-5   0.05      3 422.69
Pi[4] 9.8e-3    0.01   0.02 6.1e-6 8.6e-6 1.0e-5 1.2e-5   0.06      3 388.86
Pi[5] 8.5e-3    0.01   0.02 7.0e-6 9.6e-6 1.1e-5 1.3e-5   0.05      3 556.41
Pi[6] 7.0e-3  9.1e-3   0.02 1.7e-6 4.1e-6 5.4e-6 7.3e-6   0.04      3 176.86
Pi[7]    0.1    0.13   0.23 1.2e-6 4.3e-6 6.2e-6 8.9e-6   0.61      3 661.08
Pi[8]   0.36    0.05   0.23   0.02   0.17   0.32   0.56   0.78     24   1.08
lr      8.94    0.96   1.76   5.27   8.87   9.44   9.96  11.13      3   2.92
lg     14.94    2.35    4.3   5.89   15.0  16.49  17.48  19.54      3   3.06
li     11.44    1.62   2.91   5.21  11.56   12.4  13.13  14.58      3   3.59
mu      0.87    0.16   0.28   0.25   0.99    1.0    1.0    1.0      3  71.16
dt     25.33     5.3    9.2  20.51  21.02  21.31  21.73   46.5      3  25.92
lp__  -7.8e8   1.0e9  1.7e9 -4.7e9  768.0 772.78 776.12 780.94      3 138.11

None
N Space = 0.90, dt_max = 100 days
nspace mu_expec dt_expec mu_pos dt_pos chi_r chi_g chi_i
0.90  0.45  50.03  0.87  31.12  227861733.34  116031254.63   288668326.19
        mean se_mean     sd   2.5%    25%     50%    75%  97.5%  n_eff   Rhat
Pr[1] 5.8e-3  7.4e-3   0.01 5.7e-8 5.9e-7  1.4e-6 3.4e-6   0.04      3  10.28
Pr[2] 6.4e-3  8.2e-3   0.01 2.7e-5 3.1e-5  3.3e-5 3.7e-5   0.05      3   9.84
Pr[3] 6.2e-3  7.8e-3   0.01 7.9e-5 8.7e-5  9.1e-5 9.7e-5   0.05      3  10.24
Pr[4] 5.7e-3  7.4e-3   0.01 5.1e-8 5.4e-7  1.3e-6 3.0e-6   0.04      3  11.41
Pr[5] 5.1e-3  6.6e-3   0.01 5.2e-6 9.0e-6  1.1e-5 1.4e-5   0.04      3   9.09
Pr[6] 6.2e-3  7.9e-3   0.01 1.2e-7 1.1e-6  2.4e-6 4.6e-6   0.05      3  11.06
Pr[7]   0.07    0.08   0.15 6.6e-7 4.3e-6  7.3e-6 1.2e-5   0.54      3   6.61
Pr[8]   0.44  2.8e-3   0.24   0.03   0.28    0.39   0.63   0.87   7198   1.01
Pg[1] 4.0e-3  5.2e-3 9.1e-3 1.6e-7 1.4e-6  2.6e-6 4.5e-6   0.03      3   9.99
Pg[2] 4.2e-3  5.4e-3 9.6e-3 1.1e-5 1.2e-5  1.3e-5 1.5e-5   0.03      3   9.57
Pg[3] 4.0e-3  5.1e-3 9.1e-3 3.1e-5 3.4e-5  3.5e-5 3.8e-5   0.03      3  10.79
Pg[4] 4.2e-3  5.4e-3 9.5e-3 1.3e-8 1.4e-7  3.7e-7 9.2e-7   0.03      3  10.08
Pg[5] 4.4e-3  5.6e-3 9.9e-3 2.5e-6 4.6e-6  5.7e-6 7.3e-6   0.03      3   9.78
Pg[6] 4.2e-3  5.4e-3 9.4e-3 9.7e-8 8.5e-7  1.7e-6 3.1e-6   0.03      3  10.77
Pg[7]   0.01    0.02   0.03 3.8e-7 2.3e-6  3.9e-6 6.1e-6   0.09      3  19.04
Pg[8]    0.3    0.06   0.25 4.2e-3   0.07    0.24   0.54   0.82     16   1.12
Pi[1] 4.1e-3  5.2e-3 9.3e-3 6.1e-8 6.7e-7  1.6e-6 3.3e-6   0.03      3   9.95
Pi[2] 4.7e-3  6.0e-3   0.01 1.8e-5 2.1e-5  2.2e-5 2.4e-5   0.04      3   9.22
Pi[3] 4.3e-3  5.4e-3 9.6e-3 5.0e-5 5.4e-5  5.6e-5 6.0e-5   0.03      3  10.49
Pi[4] 3.9e-3  5.0e-3 8.8e-3 6.0e-6 8.6e-6 10.0e-6 1.2e-5   0.03      3  12.35
Pi[5] 3.6e-3  4.6e-3 8.1e-3 7.0e-6 9.7e-6  1.1e-5 1.3e-5   0.03      3   9.62
Pi[6] 4.3e-3  5.5e-3 9.6e-3 1.8e-6 4.1e-6  5.4e-6 7.2e-6   0.03      3  11.45
Pi[7]   0.04    0.05    0.1 1.3e-6 4.3e-6  6.3e-6 9.0e-6   0.39      4   4.42
Pi[8]   0.41    0.05   0.26   0.03   0.19    0.37   0.63   0.87     22   1.09
lr      8.94    0.98    1.8   5.17    8.9    9.46   9.98  11.15      3   3.01
lg     14.81    2.44   4.46   5.41  14.99   16.39  17.43  19.58      3   3.09
li     11.43    1.64   2.95   5.11  11.56   12.38  13.13  14.62      3   3.64
mu      0.87    0.16   0.28   0.25   0.99     1.0    1.0    1.0      3  69.54
dt     31.12   12.77  22.16  20.48  21.02   21.33  21.73   82.4      3  21.84
lp__  -1.5e8   1.8e8  3.8e8 -1.7e9 768.25  773.
None
N Space = 1.00, dt_max = 100 days
nspace mu_expec dt_expec mu_pos dt_pos chi_r chi_g chi_i
1.00  0.45  50.03  1.00  21.24  229.13  244.81   131.77
        mean se_mean     sd   2.5%    25%     50%    75%  97.5%  n_eff   Rhat
Pr[1] 1.5e-6  1.6e-8 1.4e-6 3.7e-8 4.5e-7  1.0e-6 2.1e-6 5.1e-6   7157    1.0
Pr[2] 3.3e-5  4.2e-8 3.3e-6 2.6e-5 3.1e-5  3.3e-5 3.5e-5 3.9e-5   6139    1.0
Pr[3] 9.0e-5  7.3e-8 5.6e-6 7.9e-5 8.7e-5  9.0e-5 9.4e-5 1.0e-4   5866    1.0
Pr[4] 1.4e-6  1.5e-8 1.2e-6 3.8e-8 4.3e-7 10.0e-7 1.9e-6 4.6e-6   7014    1.0
Pr[5] 1.0e-5  3.4e-8 2.8e-6 4.9e-6 8.5e-6  1.0e-5 1.2e-5 1.6e-5   6493    1.0
Pr[6] 2.3e-6  2.1e-8 1.7e-6 8.4e-8 9.5e-7  2.0e-6 3.4e-6 6.4e-6   6729    1.0
Pr[7] 6.6e-6  4.4e-8 3.6e-6 6.5e-7 3.8e-6  6.3e-6 8.9e-6 1.4e-5   6541    1.0
Pr[8]    0.5  3.4e-3   0.29   0.02   0.26     0.5   0.75   0.98   7083    1.0
Pg[1] 2.4e-6  1.9e-8 1.6e-6 1.2e-7 1.1e-6  2.2e-6 3.4e-6 5.9e-6   6677    1.0
Pg[2] 1.3e-5  2.9e-8 1.6e-6 1.1e-5 1.2e-5  1.3e-5 1.4e-5 1.7e-5   3010    1.0
Pg[3] 3.5e-5  5.9e-8 2.8e-6 3.1e-5 3.4e-5  3.5e-5 3.6e-5 4.2e-5   2296    1.0
Pg[4] 3.9e-7  4.4e-9 3.7e-7 1.1e-8 1.1e-7  2.8e-7 5.5e-7 1.4e-6   6949    1.0
Pg[5] 5.4e-6  2.0e-8 1.5e-6 2.5e-6 4.4e-6  5.4e-6 6.4e-6 8.4e-6   5880    1.0
Pg[6] 1.6e-6  1.4e-8 1.1e-6 8.0e-8 7.3e-7  1.5e-6 2.3e-6 4.1e-6   6185    1.0
Pg[7] 3.5e-6  2.6e-8 1.9e-6 3.2e-7 2.0e-6  3.4e-6 4.8e-6 7.5e-6   5658    1.0
Pg[8]   0.28  3.5e-3   0.28 3.0e-3   0.05    0.17   0.44   0.93   6466    1.0
Pi[1] 1.5e-6  1.5e-8 1.3e-6 5.0e-8 5.4e-7  1.2e-6 2.2e-6 4.6e-6   6627    1.0
Pi[2] 2.2e-5  2.6e-8 2.0e-6 1.8e-5 2.0e-5  2.2e-5 2.3e-5 2.6e-5   6383    1.0
Pi[3] 5.6e-5  3.9e-8 3.1e-6 5.0e-5 5.3e-5  5.6e-5 5.8e-5 6.2e-5   6477    1.0
Pi[4] 9.6e-6  2.3e-8 1.9e-6 5.9e-6 8.3e-6  9.6e-6 1.1e-5 1.3e-5   6690    1.0
Pi[5] 1.1e-5  2.5e-8 2.0e-6 6.9e-6 9.4e-6  1.1e-5 1.2e-5 1.5e-5   6139    1.0
Pi[6] 5.0e-6  2.3e-8 1.7e-6 1.6e-6 3.8e-6  5.0e-6 6.1e-6 8.5e-6   5685    1.0
Pi[7] 5.7e-6  3.3e-8 2.5e-6 1.0e-6 3.9e-6  5.6e-6 7.4e-6 1.1e-5   6002    1.0
Pi[8]    0.5  3.5e-3   0.29   0.02   0.25     0.5   0.75   0.97   6948    1.0
lr      9.67  9.5e-3   0.69   8.53    9.2     9.6  10.06  11.24   5292    1.0
lg     16.61    0.03   1.74  12.02   15.8   16.68  17.63  19.73   2937    1.0
li     12.71    0.01   0.91  11.13  12.07   12.64  13.29  14.64   5885    1.0
mu       1.0  5.3e-5 4.6e-3   0.98   0.99     1.0    1.0    1.0   7313    1.0
dt     21.24  5.8e-3   0.39  20.52  20.98   21.23  21.49  22.05   4673    1.0
lp__  774.03    0.06   4.33 764.65 771.29  774.
None
N Space = 3.00, dt_max = 100 days
nspace mu_expec dt_expec mu_pos dt_pos chi_r chi_g chi_i
3.00  0.45  50.03  1.00  21.31  229.16  246.35   131.90
        mean se_mean     sd   2.5%    25%    50%    75%  97.5%  n_eff   Rhat
Pr[1] 1.5e-6  1.6e-8 1.4e-6 4.5e-8 4.7e-7 1.1e-6 2.1e-6 5.1e-6   6996    1.0
Pr[2] 3.3e-5  4.0e-8 3.3e-6 2.6e-5 3.0e-5 3.3e-5 3.5e-5 3.9e-5   6810    1.0
Pr[3] 9.0e-5  6.8e-8 5.5e-6 7.9e-5 8.6e-5 9.0e-5 9.4e-5 1.0e-4   6434    1.0
Pr[4] 1.3e-6  1.4e-8 1.2e-6 4.1e-8 4.3e-7 1.0e-6 1.9e-6 4.4e-6   7328    1.0
Pr[5] 1.0e-5  3.4e-8 2.7e-6 5.0e-6 8.5e-6 1.0e-5 1.2e-5 1.6e-5   6604    1.0
Pr[6] 2.2e-6  2.1e-8 1.7e-6 8.5e-8 9.1e-7 1.9e-6 3.2e-6 6.3e-6   6337    1.0
Pr[7] 6.5e-6  4.4e-8 3.6e-6 5.5e-7 3.8e-6 6.3e-6 8.9e-6 1.4e-5   6684    1.0
Pr[8]   1.51    0.01   0.86   0.08   0.76    1.5   2.27   2.93   7024    1.0
Pg[1] 2.5e-6  2.1e-8 1.6e-6 1.3e-7 1.3e-6 2.3e-6 3.5e-6 6.0e-6   5967    1.0
Pg[2] 1.3e-5  3.3e-8 1.8e-6 1.1e-5 1.2e-5 1.3e-5 1.4e-5 1.8e-5   3002    1.0
Pg[3] 3.6e-5  6.7e-8 3.3e-6 3.2e-5 3.4e-5 3.6e-5 3.7e-5 4.6e-5   2486    1.0
Pg[4] 3.7e-7  4.2e-9 3.6e-7 9.8e-9 1.1e-7 2.6e-7 5.2e-7 1.4e-6   7349    1.0
Pg[5] 5.3e-6  1.9e-8 1.5e-6 2.3e-6 4.3e-6 5.3e-6 6.3e-6 8.2e-6   5943    1.0
Pg[6] 1.7e-6  1.5e-8 1.1e-6 1.0e-7 7.7e-7 1.5e-6 2.4e-6 4.3e-6   5840    1.0
Pg[7] 3.5e-6  2.5e-8 2.0e-6 3.3e-7 2.0e-6 3.4e-6 4.8e-6 7.7e-6   6288    1.0
Pg[8]   0.78    0.01   0.84 5.2e-3    0.1   0.43   1.27    2.8   6194    1.0
Pi[1] 1.5e-6  1.5e-8 1.3e-6 4.9e-8 5.6e-7 1.2e-6 2.2e-6 4.7e-6   6840    1.0
Pi[2] 2.2e-5  2.5e-8 2.1e-6 1.8e-5 2.0e-5 2.2e-5 2.3e-5 2.6e-5   6579    1.0
Pi[3] 5.6e-5  4.2e-8 3.2e-6 5.0e-5 5.3e-5 5.6e-5 5.8e-5 6.2e-5   5807    1.0
Pi[4] 9.6e-6  2.5e-8 1.9e-6 5.8e-6 8.3e-6 9.6e-6 1.1e-5 1.3e-5   5869    1.0
Pi[5] 1.1e-5  2.5e-8 1.9e-6 6.9e-6 9.4e-6 1.1e-5 1.2e-5 1.5e-5   6087    1.0
Pi[6] 5.0e-6  2.2e-8 1.7e-6 1.6e-6 3.8e-6 5.0e-6 6.2e-6 8.4e-6   6069    1.0
Pi[7] 5.7e-6  3.4e-8 2.5e-6 9.5e-7 3.8e-6 5.6e-6 7.4e-6 1.1e-5   5548    1.0
Pi[8]    1.5    0.01   0.86   0.09   0.74   1.51   2.23   2.92   7008    1.0
lr       9.7  8.8e-3   0.68   8.55   9.22   9.63   10.1   11.2   6062    1.0
lg     15.94    0.04   1.92  10.66  15.07   16.0  17.12  19.35   2975    1.0
li     12.68    0.01   0.91  11.08  12.04  12.63  13.26   14.6   5880    1.0
mu       1.0  5.2e-5 4.3e-3   0.98   0.99    1.0    1.0    1.0   6857    1.0
dt     21.31  5.8e-3   0.41  20.53  21.03  21.29  21.57  22.16   4983    1.0
lp__  776.54    0.06   4.37 766.94 773.82 776.91 779.65 783.96   4904    1.0

None
N Space = 10.00, dt_max = 100 days
nspace mu_expec dt_expec mu_pos dt_pos chi_r chi_g chi_i
10.00  0.45  50.03  0.87  21.93  417237052430.27  128575059011.48   676739660893.88
         mean se_mean     sd    2.5%    25%    50%    75%  97.5%  n_eff   Rhat
Pr[1]    0.46    0.59   1.02  5.3e-8 5.9e-7 1.5e-6 3.4e-6   2.77      3  72.94
Pr[2]    0.69    0.88   1.53  2.6e-5 3.1e-5 3.3e-5 3.7e-5   4.19      3  56.78
Pr[3]    0.55    0.71   1.23  7.9e-5 8.7e-5 9.1e-5 9.7e-5   3.37      3  46.67
Pr[4]    0.43    0.56   0.97  5.9e-8 5.5e-7 1.3e-6 2.9e-6   2.67      3   48.1
Pr[5]    0.88    1.14   1.97  5.4e-6 9.0e-6 1.1e-5 1.4e-5   5.43      3  45.05
Pr[6]    0.28    0.37   0.63  1.2e-7 1.1e-6 2.4e-6 4.6e-6   1.72      3  90.77
Pr[7]    1.36    1.76   3.04  6.8e-7 4.3e-6 7.2e-6 1.1e-5   8.17      3 2275.5
Pr[8]    4.86    0.03   2.65    0.25   2.97   4.32   6.95    9.7   6279    1.0
Pg[1]    0.28    0.36   0.62  1.7e-7 1.6e-6 2.9e-6 5.0e-6   1.68      3  70.55
Pg[2]    0.18    0.24   0.41  1.1e-5 1.3e-5 1.4e-5 1.7e-5   1.12      3 138.61
Pg[3]    0.15    0.19   0.33  3.2e-5 3.5e-5 3.7e-5 4.3e-5   0.89      3 145.48
Pg[4]    0.18    0.23   0.39  1.1e-8 1.3e-7 3.4e-7 8.4e-7   1.07      3 109.34
Pg[5]    0.15    0.19   0.33  2.2e-6 4.4e-6 5.6e-6 7.2e-6   0.88      3 148.86
Pg[6]    0.19    0.25   0.43  1.1e-7 9.9e-7 2.0e-6 3.4e-6   1.18      3 100.39
Pg[7]    0.25    0.33   0.57  3.2e-7 2.2e-6 3.8e-6 6.1e-6   1.53      3 957.14
Pg[8]     3.2    0.72   2.92  8.5e-3   0.34   2.37   5.99    9.2     17   1.12
Pi[1]    0.38    0.48   0.84  6.8e-8 6.7e-7 1.6e-6 3.3e-6   2.31      3  47.58
Pi[2]    0.27    0.35   0.61  1.8e-5 2.1e-5 2.2e-5 2.4e-5   1.65      3  88.32
Pi[3]    0.59    0.77   1.33  5.0e-5 5.4e-5 5.7e-5 6.0e-5   3.73      3  23.36
Pi[4]    0.36    0.46    0.8  6.0e-6 8.7e-6 1.0e-5 1.2e-5    2.2      3  38.03
Pi[5]    0.18    0.23    0.4  7.0e-6 9.7e-6 1.1e-5 1.3e-5   1.07      3 102.72
Pi[6]    0.35    0.45   0.78  1.7e-6 4.1e-6 5.5e-6 7.3e-6   2.14      3   45.8
Pi[7]    1.42    1.83   3.18  1.1e-6 4.3e-6 6.3e-6 9.1e-6   8.53      3 1631.3
Pi[8]     4.5    0.59   2.82    0.28   2.16    4.0   6.96   9.67     23   1.08
lr       9.02    0.91   1.69     5.5    8.9    9.5  10.02  11.18      3   2.76
lg      13.53    1.95    3.9    6.09  11.74  14.74  16.15  18.83      4   1.98
li      11.41    1.57   2.81    5.36  11.57  12.38  13.05  14.26      3    3.8
mu       0.87    0.16   0.27    0.26   0.99    1.0    1.0    1.0      3  74.05
dt      21.93    0.63   1.45   20.63  21.16   21.5  21.94  25.85      5   2.21
lp__  -6.0e11  7.
None
N Space = 20.00, dt_max = 100 days
nspace mu_expec dt_expec mu_pos dt_pos chi_r chi_g chi_i
20.00  0.45  50.03  1.00  21.47  229.63  249.54   132.30
        mean se_mean     sd   2.5%    25%    50%    75%  97.5%  n_eff   Rhat
Pr[1] 1.5e-6  1.6e-8 1.4e-6 4.1e-8 4.8e-7 1.1e-6 2.1e-6 5.1e-6   7130    1.0
Pr[2] 3.2e-5  4.3e-8 3.4e-6 2.6e-5 3.0e-5 3.2e-5 3.5e-5 3.9e-5   6129    1.0
Pr[3] 9.0e-5  7.3e-8 5.6e-6 7.8e-5 8.6e-5 9.0e-5 9.3e-5 1.0e-4   5879    1.0
Pr[4] 1.3e-6  1.4e-8 1.2e-6 3.7e-8 4.3e-7 9.8e-7 1.9e-6 4.4e-6   6842    1.0
Pr[5] 1.0e-5  3.4e-8 2.8e-6 5.1e-6 8.6e-6 1.0e-5 1.2e-5 1.6e-5   6749    1.0
Pr[6] 2.2e-6  2.1e-8 1.7e-6 8.5e-8 8.5e-7 1.9e-6 3.2e-6 6.3e-6   6436    1.0
Pr[7] 6.6e-6  4.6e-8 3.6e-6 5.9e-7 3.8e-6 6.3e-6 9.0e-6 1.4e-5   6314    1.0
Pr[8]   10.0    0.07   5.72   0.58   5.05  10.02   14.8  19.51   6486    1.0
Pg[1] 2.7e-6  2.3e-8 1.8e-6 1.6e-7 1.4e-6 2.5e-6 3.8e-6 6.9e-6   5916    1.0
Pg[2] 1.5e-5  4.0e-8 2.4e-6 1.1e-5 1.3e-5 1.4e-5 1.6e-5 2.1e-5   3661    1.0
Pg[3] 3.8e-5  7.9e-8 4.6e-6 3.2e-5 3.5e-5 3.7e-5 4.0e-5 5.0e-5   3347    1.0
Pg[4] 3.5e-7  4.1e-9 3.4e-7 8.2e-9 1.0e-7 2.5e-7 4.9e-7 1.3e-6   7167    1.0
Pg[5] 5.2e-6  2.0e-8 1.6e-6 2.0e-6 4.2e-6 5.2e-6 6.3e-6 8.4e-6   6167    1.0
Pg[6] 1.8e-6  1.7e-8 1.3e-6 9.8e-8 8.4e-7 1.6e-6 2.6e-6 4.7e-6   5556    1.0
Pg[7] 3.4e-6  2.6e-8 2.0e-6 2.2e-7 1.8e-6 3.3e-6 4.7e-6 7.9e-6   6119    1.0
Pg[8]   5.59    0.08   5.96   0.01   0.43   3.11   9.68  18.79   5389    1.0
Pi[1] 1.5e-6  1.5e-8 1.3e-6 5.3e-8 5.7e-7 1.2e-6 2.2e-6 4.7e-6   7447    1.0
Pi[2] 2.2e-5  2.4e-8 2.0e-6 1.8e-5 2.0e-5 2.2e-5 2.3e-5 2.6e-5   6491    1.0
Pi[3] 5.6e-5  3.7e-8 3.0e-6 5.0e-5 5.4e-5 5.6e-5 5.8e-5 6.2e-5   6620    1.0
Pi[4] 9.6e-6  2.3e-8 1.9e-6 5.8e-6 8.3e-6 9.6e-6 1.1e-5 1.3e-5   6792    1.0
Pi[5] 1.1e-5  2.4e-8 2.0e-6 6.8e-6 9.4e-6 1.1e-5 1.2e-5 1.5e-5   6662    1.0
Pi[6] 5.0e-6  2.3e-8 1.8e-6 1.6e-6 3.8e-6 5.0e-6 6.2e-6 8.6e-6   5811    1.0
Pi[7] 5.7e-6  3.5e-8 2.5e-6 1.0e-6 3.9e-6 5.6e-6 7.4e-6 1.1e-5   5405    1.0
Pi[8]   9.83    0.07   5.73    0.5   4.83   9.87  14.75  19.36   6797    1.0
lr      9.76  9.8e-3   0.72   8.61   9.25   9.66  10.18  11.42   5509    1.0
lg     14.48    0.04   2.33   9.66  13.22  14.62  16.02  18.72   3458    1.0
li      12.6    0.01   0.81  11.08  12.03  12.59  13.15  14.21   6322    1.0
mu       1.0  5.0e-5 4.3e-3   0.98   0.99    1.0    1.0    1.0   7209    1.0
dt     21.47  6.5e-3   0.45  20.62  21.16  21.45  21.77  22.38   4743    1.0
lp__  780.53    0.06   4.37 770.89 777.84 780.92 783.57 788.05   4664    1.0

None
N Space = 30.00, dt_max = 100 days
nspace mu_expec dt_expec mu_pos dt_pos chi_r chi_g chi_i
30.00  0.45  50.03  1.00  21.50  229.73  250.33   132.45
        mean se_mean     sd   2.5%    25%    50%    75%  97.5%  n_eff   Rhat
Pr[1] 1.5e-6  1.7e-8 1.4e-6 4.3e-8 4.8e-7 1.1e-6 2.1e-6 5.0e-6   6716    1.0
Pr[2] 3.2e-5  4.1e-8 3.3e-6 2.6e-5 3.0e-5 3.2e-5 3.5e-5 3.9e-5   6205    1.0
Pr[3] 9.0e-5  6.9e-8 5.5e-6 7.8e-5 8.6e-5 9.0e-5 9.3e-5 1.0e-4   6331    1.0
Pr[4] 1.3e-6  1.4e-8 1.2e-6 4.2e-8 4.1e-7 9.6e-7 1.8e-6 4.3e-6   7134    1.0
Pr[5] 1.0e-5  3.3e-8 2.8e-6 5.0e-6 8.5e-6 1.0e-5 1.2e-5 1.6e-5   6963    1.0
Pr[6] 2.3e-6  2.1e-8 1.7e-6 9.9e-8 9.1e-7 1.9e-6 3.2e-6 6.5e-6   6410    1.0
Pr[7] 6.4e-6  4.4e-8 3.6e-6 5.5e-7 3.7e-6 6.2e-6 8.8e-6 1.4e-5   6607    1.0
Pr[8]  15.07     0.1   8.56    0.8   7.75  15.06  22.53  29.28   7183    1.0
Pg[1] 2.8e-6  2.2e-8 1.8e-6 1.7e-7 1.4e-6 2.5e-6 3.9e-6 7.0e-6   6695    1.0
Pg[2] 1.5e-5  4.0e-8 2.6e-6 1.1e-5 1.3e-5 1.4e-5 1.6e-5 2.1e-5   4075    1.0
Pg[3] 3.9e-5  7.8e-8 4.8e-6 3.2e-5 3.6e-5 3.8e-5 4.1e-5 5.1e-5   3867    1.0
Pg[4] 3.6e-7  4.3e-9 3.5e-7 1.0e-8 1.0e-7 2.5e-7 4.9e-7 1.3e-6   6434    1.0
Pg[5] 5.2e-6  2.1e-8 1.6e-6 1.9e-6 4.1e-6 5.2e-6 6.3e-6 8.3e-6   6050    1.0
Pg[6] 1.9e-6  1.6e-8 1.3e-6 1.1e-7 9.1e-7 1.7e-6 2.6e-6 4.8e-6   6448    1.0
Pg[7] 3.4e-6  2.6e-8 2.0e-6 2.4e-7 1.8e-6 3.2e-6 4.7e-6 7.9e-6   5999    1.0
Pg[8]   8.56    0.12   8.97   0.01    0.6    5.1  15.05  28.36   5297    1.0
Pi[1] 1.6e-6  1.5e-8 1.3e-6 5.7e-8 5.4e-7 1.2e-6 2.2e-6 4.7e-6   7252    1.0
Pi[2] 2.2e-5  2.4e-8 2.0e-6 1.8e-5 2.0e-5 2.2e-5 2.3e-5 2.6e-5   6699    1.0
Pi[3] 5.6e-5  3.5e-8 2.9e-6 5.1e-5 5.4e-5 5.6e-5 5.8e-5 6.2e-5   6934    1.0
Pi[4] 9.6e-6  2.3e-8 1.9e-6 5.8e-6 8.3e-6 9.6e-6 1.1e-5 1.3e-5   7153    1.0
Pi[5] 1.1e-5  2.4e-8 2.0e-6 6.8e-6 9.4e-6 1.1e-5 1.2e-5 1.5e-5   6761    1.0
Pi[6] 5.0e-6  2.4e-8 1.8e-6 1.6e-6 3.8e-6 5.0e-6 6.2e-6 8.6e-6   5518    1.0
Pi[7] 5.7e-6  3.5e-8 2.5e-6 9.1e-7 3.9e-6 5.6e-6 7.4e-6 1.1e-5   5233    1.0
Pi[8]  14.68     0.1   8.67   0.63   7.03  14.55  22.19  29.16   7452    1.0
lr      9.77  9.2e-3    0.7    8.6   9.28    9.7  10.17  11.36   5896    1.0
lg     14.19    0.04    2.4    9.5  12.74  14.32  15.73  18.77   3772    1.0
li     12.57  9.5e-3   0.79  11.06  12.02  12.57  13.11  14.11   6950    1.0
mu       1.0  5.0e-5 4.3e-3   0.98   0.99    1.0    1.0    1.0   7426    1.0
dt      21.5  6.5e-3   0.45  20.66  21.19  21.49   21.8  22.41   4837    1.0
lp__  781.56    0.06   4.37 772.18 778.86 781.91 784.68 789.05   4625    1.0

None
N Space = 60.00, dt_max = 100 days
nspace mu_expec dt_expec mu_pos dt_pos chi_r chi_g chi_i
60.00  0.45  50.03  1.00  21.59  230.04  251.23   132.72
        mean se_mean     sd   2.5%    25%    50%    75%   97.5%  n_eff   Rhat
Pr[1] 1.5e-6  1.6e-8 1.4e-6 5.0e-8 4.7e-7 1.1e-6 2.1e-6  5.1e-6   7313    1.0
Pr[2] 3.2e-5  4.2e-8 3.3e-6 2.6e-5 3.0e-5 3.2e-5 3.4e-5  3.9e-5   6160    1.0
Pr[3] 9.0e-5  7.1e-8 5.5e-6 7.8e-5 8.6e-5 9.0e-5 9.3e-5 10.0e-5   5876    1.0
Pr[4] 1.3e-6  1.4e-8 1.2e-6 3.5e-8 4.1e-7 9.6e-7 1.8e-6  4.3e-6   7159    1.0
Pr[5] 1.0e-5  3.4e-8 2.8e-6 5.0e-6 8.5e-6 1.0e-5 1.2e-5  1.6e-5   6421    1.0
Pr[6] 2.2e-6  2.1e-8 1.7e-6 9.7e-8 9.0e-7 1.9e-6 3.3e-6  6.3e-6   6580    1.0
Pr[7] 6.5e-6  4.6e-8 3.6e-6 5.7e-7 3.8e-6 6.2e-6 8.8e-6  1.4e-5   5981    1.0
Pr[8]  29.91    0.22  17.34   1.52  14.77   30.2  44.68   58.49   6478    1.0
Pg[1] 2.9e-6  2.4e-8 1.9e-6 1.8e-7 1.4e-6 2.7e-6 4.1e-6  7.2e-6   6184    1.0
Pg[2] 1.5e-5  4.5e-8 2.6e-6 1.1e-5 1.3e-5 1.5e-5 1.7e-5  2.1e-5   3364    1.0
Pg[3] 4.0e-5  8.9e-8 5.1e-6 3.3e-5 3.6e-5 3.9e-5 4.3e-5  5.2e-5   3263    1.0
Pg[4] 3.5e-7  4.0e-9 3.4e-7 9.3e-9 1.1e-7 2.5e-7 4.9e-7  1.3e-6   7167    1.0
Pg[5] 5.1e-6  2.1e-8 1.6e-6 1.9e-6 4.0e-6 5.1e-6 6.2e-6  8.4e-6   6170    1.0
Pg[6] 2.0e-6  1.7e-8 1.3e-6 9.3e-8 9.2e-7 1.8e-6 2.8e-6  5.1e-6   5970    1.0
Pg[7] 3.5e-6  2.6e-8 2.1e-6 2.7e-7 1.9e-6 3.3e-6 4.8e-6  8.1e-6   6561    1.0
Pg[8]  18.94    0.27  18.55   0.02   1.72  12.93  33.78    57.4   4733    1.0
Pi[1] 1.6e-6  1.5e-8 1.3e-6 5.6e-8 5.5e-7 1.2e-6 2.2e-6  4.7e-6   6894    1.0
Pi[2] 2.2e-5  2.4e-8 1.9e-6 1.8e-5 2.1e-5 2.2e-5 2.3e-5  2.6e-5   6559    1.0
Pi[3] 5.6e-5  3.5e-8 2.8e-6 5.1e-5 5.4e-5 5.6e-5 5.8e-5  6.2e-5   6441    1.0
Pi[4] 9.5e-6  2.3e-8 1.9e-6 5.8e-6 8.3e-6 9.5e-6 1.1e-5  1.3e-5   7132    1.0
Pi[5] 1.1e-5  2.3e-8 1.9e-6 6.9e-6 9.5e-6 1.1e-5 1.2e-5  1.5e-5   6978    1.0
Pi[6] 5.1e-6  2.2e-8 1.8e-6 1.6e-6 3.9e-6 5.1e-6 6.3e-6  8.6e-6   6541    1.0
Pi[7] 5.7e-6  3.1e-8 2.5e-6 1.2e-6 4.0e-6 5.6e-6 7.4e-6  1.1e-5   6445    1.0
Pi[8]  28.99     0.2  17.32   1.41  13.94  28.36  44.09   58.36   7477    1.0
lr      9.78  9.5e-3    0.7   8.61   9.27    9.7  10.19   11.39   5520    1.0
lg     13.55    0.04   2.39   9.39  11.77  13.64  15.05   18.41   3028    1.0
li      12.5  9.2e-3   0.74  11.07   12.0  12.51  13.01   13.92   6389    1.0
mu       1.0  4.8e-5 4.1e-3   0.98   0.99    1.0    1.0     1.0   7153    1.0
dt     21.59  6.9e-3   0.45   20.7  21.27  21.59   21.9   22.47   4276    1.0
lp__  783.33    0.06   4.24 774.03  780.7 783.7
None
N Space = 90.00, dt_max = 100 days
nspace mu_expec dt_expec mu_pos dt_pos chi_r chi_g chi_i
90.00  0.45  50.03  1.00  21.63  230.29  251.65   132.92
        mean se_mean     sd   2.5%    25%    50%    75%   97.5%  n_eff   Rhat
Pr[1] 1.5e-6  1.7e-8 1.4e-6 5.2e-8 4.8e-7 1.1e-6 2.2e-6  5.0e-6   6960    1.0
Pr[2] 3.2e-5  4.0e-8 3.2e-6 2.6e-5 3.0e-5 3.2e-5 3.4e-5  3.8e-5   6596    1.0
Pr[3] 8.9e-5  6.5e-8 5.4e-6 7.8e-5 8.6e-5 9.0e-5 9.3e-5 10.0e-5   6769    1.0
Pr[4] 1.3e-6  1.4e-8 1.2e-6 3.7e-8 4.2e-7 9.6e-7 1.8e-6  4.4e-6   7111    1.0
Pr[5] 1.0e-5  3.2e-8 2.7e-6 5.3e-6 8.6e-6 1.0e-5 1.2e-5  1.6e-5   7096    1.0
Pr[6] 2.2e-6  2.0e-8 1.7e-6 8.8e-8 8.9e-7 1.9e-6 3.2e-6  6.3e-6   6800    1.0
Pr[7] 6.5e-6  4.3e-8 3.6e-6 5.8e-7 3.7e-6 6.2e-6 8.8e-6  1.4e-5   6853    1.0
Pr[8]  44.64    0.41  26.11   2.18  22.13  44.09  67.64   87.87   4056    1.0
Pg[1] 3.0e-6  2.5e-8 1.9e-6 1.8e-7 1.5e-6 2.7e-6 4.2e-6  7.4e-6   6243    1.0
Pg[2] 1.6e-5  4.2e-8 2.7e-6 1.1e-5 1.4e-5 1.5e-5 1.7e-5  2.2e-5   4144    1.0
Pg[3] 4.1e-5  8.2e-8 5.2e-6 3.3e-5 3.7e-5 4.0e-5 4.4e-5  5.2e-5   4014    1.0
Pg[4] 3.6e-7  4.4e-9 3.5e-7 9.9e-9 1.1e-7 2.6e-7 5.0e-7  1.3e-6   6529    1.0
Pg[5] 5.1e-6  2.2e-8 1.7e-6 1.9e-6 4.0e-6 5.1e-6 6.2e-6  8.4e-6   5600    1.0
Pg[6] 2.0e-6  1.7e-8 1.3e-6 1.1e-7 9.7e-7 1.8e-6 2.8e-6  5.1e-6   6155    1.0
Pg[7] 3.5e-6  2.7e-8 2.1e-6 2.2e-7 1.8e-6 3.3e-6 4.8e-6  8.3e-6   6299    1.0
Pg[8]  30.29    0.38  28.43   0.02   3.21   22.3  53.98    86.6   5490    1.0
Pi[1] 1.6e-6  1.5e-8 1.3e-6 6.1e-8 5.7e-7 1.3e-6 2.2e-6  4.8e-6   6961    1.0
Pi[2] 2.2e-5  2.3e-8 1.9e-6 1.8e-5 2.1e-5 2.2e-5 2.3e-5  2.6e-5   6731    1.0
Pi[3] 5.6e-5  3.4e-8 2.8e-6 5.1e-5 5.5e-5 5.6e-5 5.8e-5  6.2e-5   6692    1.0
Pi[4] 9.5e-6  2.4e-8 1.9e-6 5.7e-6 8.3e-6 9.5e-6 1.1e-5  1.3e-5   6489    1.0
Pi[5] 1.1e-5  2.6e-8 2.0e-6 6.8e-6 9.5e-6 1.1e-5 1.2e-5  1.5e-5   6094    1.0
Pi[6] 5.1e-6  2.4e-8 1.8e-6 1.6e-6 3.8e-6 5.0e-6 6.3e-6  8.6e-6   5454    1.0
Pi[7] 5.8e-6  3.3e-8 2.5e-6 1.1e-6 4.0e-6 5.7e-6 7.5e-6  1.1e-5   5874    1.0
Pi[8]  43.17     0.3  26.03   1.97  20.38  42.37  65.58   87.63   7636    1.0
lr       9.8  8.5e-3   0.69   8.67    9.3   9.73   10.2   11.35   6477    1.0
lg     13.21    0.04   2.36   9.31  11.31  13.28  14.65   18.21   3822    1.0
li     12.45  8.7e-3    0.7  11.08  11.97  12.47  12.94   13.78   6450    1.0
mu       1.0  4.8e-5 4.1e-3   0.99   0.99    1.0    1.0     1.0   7085    1.0
dt     21.63  6.5e-3   0.45  20.72  21.32  21.64  21.93   22.48   4850    1.0
lp__  784.27    0.06   4.21 775.21 781.58 784.6
None
