N Space = 0.20, dt_max = 50 days
nspace mu_expec dt_expec mu_pos dt_pos chi_r chi_g chi_i
0.20  0.45  50.03  0.30  6.42  182.31  205.40   155.29
        mean se_mean     sd   2.5%    25%    50%    75%  97.5%  n_eff   Rhat
Pr[1] 3.7e-6  3.3e-8 2.7e-6 1.5e-7 1.6e-6 3.2e-6 5.4e-6 1.0e-5   6922    1.0
Pr[2] 4.2e-5  6.2e-8 4.2e-6 3.4e-5 3.9e-5 4.2e-5 4.5e-5 5.0e-5   4458    1.0
Pr[3] 1.1e-4  1.1e-7 6.6e-6 9.2e-5 1.0e-4 1.1e-4 1.1e-4 1.2e-4   3708    1.0
Pr[4] 4.3e-5  6.7e-8 4.4e-6 3.4e-5 4.0e-5 4.3e-5 4.6e-5 5.1e-5   4314    1.0
Pr[5] 6.5e-6  3.9e-8 3.1e-6 9.3e-7 4.3e-6 6.4e-6 8.6e-6 1.3e-5   6321    1.0
Pr[6] 1.2e-5  3.9e-8 3.2e-6 5.9e-6 9.8e-6 1.2e-5 1.4e-5 1.8e-5   6498    1.0
Pr[7] 4.9e-6  3.9e-8 3.0e-6 3.1e-7 2.6e-6 4.6e-6 6.8e-6 1.2e-5   5938    1.0
Pr[8]   0.11  6.9e-4   0.06 6.6e-3   0.06   0.11   0.15    0.2   6664    1.0
Pg[1] 1.5e-6  1.5e-8 1.3e-6 4.9e-8 5.0e-7 1.1e-6 2.1e-6 4.7e-6   6950    1.0
Pg[2] 2.2e-5  4.1e-8 2.9e-6 1.7e-5 2.0e-5 2.2e-5 2.4e-5 2.8e-5   4828    1.0
Pg[3] 8.1e-5  9.8e-8 5.7e-6 6.9e-5 7.7e-5 8.1e-5 8.5e-5 9.2e-5   3447    1.0
Pg[4] 1.6e-5  3.6e-8 2.7e-6 1.1e-5 1.4e-5 1.6e-5 1.8e-5 2.1e-5   5522    1.0
Pg[5] 4.0e-6  2.8e-8 2.1e-6 3.7e-7 2.4e-6 3.8e-6 5.4e-6 8.5e-6   5849    1.0
Pg[6] 5.0e-6  3.0e-8 2.2e-6 9.7e-7 3.5e-6 4.9e-6 6.5e-6 9.6e-6   5482    1.0
Pg[7] 2.1e-6  1.9e-8 1.6e-6 7.5e-8 7.9e-7 1.7e-6 3.0e-6 6.0e-6   7086    1.0
Pg[8]    0.1  6.8e-4   0.06 4.5e-3   0.05    0.1   0.15   0.19   7160    1.0
Pi[1] 2.2e-6  2.1e-8 1.7e-6 9.3e-8 8.9e-7 1.9e-6 3.2e-6 6.3e-6   6544    1.0
Pi[2] 3.1e-5  4.0e-8 2.6e-6 2.5e-5 2.9e-5 3.1e-5 3.2e-5 3.6e-5   4291    1.0
Pi[3] 7.2e-5  6.9e-8 4.1e-6 6.2e-5 7.0e-5 7.2e-5 7.5e-5 7.9e-5   3584    1.0
Pi[4] 4.5e-5  5.4e-8 3.3e-6 3.9e-5 4.3e-5 4.6e-5 4.8e-5 5.2e-5   3733    1.0
Pi[5] 1.9e-5  3.0e-8 2.4e-6 1.4e-5 1.7e-5 1.9e-5 2.0e-5 2.3e-5   6261    1.0
Pi[6] 1.0e-5  2.7e-8 2.1e-6 6.2e-6 8.9e-6 1.0e-5 1.2e-5 1.5e-5   6419    1.0
Pi[7] 5.8e-6  3.3e-8 2.4e-6 1.2e-6 4.1e-6 5.7e-6 7.3e-6 1.1e-5   5193    1.0
Pi[8]   0.12  5.7e-4   0.05   0.04   0.09   0.13   0.16    0.2   6593    1.0
lr      9.67  6.8e-3   0.46   8.72   9.36   9.68   9.98  10.53   4528    1.0
lg      8.48  7.9e-3   0.52   7.38   8.14   8.51   8.84   9.42   4305    1.0
li     10.73  6.8e-3   0.44   9.81  10.44  10.77  11.04  11.55   4236    1.0
mu       0.3  1.0e-3   0.06   0.25   0.26   0.28   0.32   0.46   2974    1.0
dt      6.42    0.04   2.34   2.13   4.73   6.34   8.11   11.0   3587    1.0
lp__  815.04    0.06   4.31 805.76 812.33 815.39 818.16 822.28   5144    1.0

None
N Space = 0.80, dt_max = 50 days
nspace mu_expec dt_expec mu_pos dt_pos chi_r chi_g chi_i
0.80  0.45  50.03  0.30  5.86  181.21  205.63   155.44
        mean se_mean     sd   2.5%    25%    50%    75%  97.5%  n_eff   Rhat
Pr[1] 3.6e-6  3.2e-8 2.7e-6 1.6e-7 1.5e-6 3.1e-6 5.3e-6 9.9e-6   6882    1.0
Pr[2] 4.2e-5  5.8e-8 4.0e-6 3.4e-5 3.9e-5 4.2e-5 4.5e-5 5.0e-5   4874    1.0
Pr[3] 1.1e-4  9.8e-8 6.2e-6 9.4e-5 1.0e-4 1.1e-4 1.1e-4 1.2e-4   4028    1.0
Pr[4] 4.2e-5  6.3e-8 4.2e-6 3.4e-5 3.9e-5 4.2e-5 4.5e-5 5.1e-5   4509    1.0
Pr[5] 6.6e-6  4.0e-8 3.2e-6 9.1e-7 4.3e-6 6.5e-6 8.7e-6 1.3e-5   6331    1.0
Pr[6] 1.2e-5  4.0e-8 3.2e-6 5.7e-6 9.7e-6 1.2e-5 1.4e-5 1.8e-5   6271    1.0
Pr[7] 4.8e-6  3.7e-8 3.0e-6 3.1e-7 2.5e-6 4.5e-6 6.8e-6 1.1e-5   6578    1.0
Pr[8]   0.39  2.7e-3   0.23   0.02    0.2   0.39   0.58   0.78   7193    1.0
Pg[1] 1.4e-6  1.5e-8 1.2e-6 5.2e-8 5.0e-7 1.1e-6 2.0e-6 4.6e-6   7103    1.0
Pg[2] 2.2e-5  3.9e-8 2.8e-6 1.7e-5 2.0e-5 2.2e-5 2.4e-5 2.7e-5   4873    1.0
Pg[3] 8.0e-5  9.0e-8 5.3e-6 6.9e-5 7.7e-5 8.0e-5 8.4e-5 9.1e-5   3526    1.0
Pg[4] 1.6e-5  3.6e-8 2.7e-6 1.1e-5 1.4e-5 1.6e-5 1.7e-5 2.1e-5   5413    1.0
Pg[5] 4.0e-6  2.6e-8 2.1e-6 4.3e-7 2.4e-6 3.8e-6 5.3e-6 8.5e-6   6534    1.0
Pg[6] 5.0e-6  2.7e-8 2.2e-6 1.0e-6 3.4e-6 4.9e-6 6.4e-6 9.5e-6   6545    1.0
Pg[7] 2.0e-6  1.9e-8 1.6e-6 8.3e-8 8.0e-7 1.7e-6 2.9e-6 5.8e-6   6718    1.0
Pg[8]   0.39  2.7e-3   0.23   0.02   0.19   0.39   0.59   0.78   7318    1.0
Pi[1] 2.2e-6  2.1e-8 1.7e-6 9.4e-8 8.9e-7 1.9e-6 3.2e-6 6.3e-6   6652    1.0
Pi[2] 3.1e-5  4.0e-8 2.7e-6 2.6e-5 2.9e-5 3.1e-5 3.3e-5 3.6e-5   4450    1.0
Pi[3] 7.3e-5  6.4e-8 4.1e-6 6.4e-5 7.1e-5 7.4e-5 7.6e-5 8.1e-5   4154    1.0
Pi[4] 4.5e-5  5.1e-8 3.2e-6 3.9e-5 4.3e-5 4.5e-5 4.7e-5 5.2e-5   3975    1.0
Pi[5] 1.9e-5  3.0e-8 2.4e-6 1.4e-5 1.7e-5 1.9e-5 2.0e-5 2.4e-5   6234    1.0
Pi[6] 1.0e-5  2.6e-8 2.1e-6 6.4e-6 9.0e-6 1.0e-5 1.2e-5 1.5e-5   6539    1.0
Pi[7] 5.7e-6  3.2e-8 2.4e-6 1.3e-6 4.1e-6 5.7e-6 7.4e-6 1.0e-5   5634    1.0
Pi[8]   0.29  2.3e-3   0.18   0.05   0.15   0.25   0.41   0.72   6384    1.0
lr      9.67  6.3e-3   0.42   8.76    9.4    9.7   9.96  10.44   4571    1.0
lg      8.56  7.7e-3   0.49   7.48   8.26    8.6    8.9   9.44   4160    1.0
li     10.51  6.8e-3   0.45   9.57  10.22  10.53  10.81  11.39   4469    1.0
mu       0.3  8.9e-4   0.05   0.25   0.26   0.29   0.32   0.44   3300    1.0
dt      5.86    0.04   2.23   1.86   4.24   5.71   7.33  10.52   3653    1.0
lp__  819.26    0.06   4.35 809.64 816.56 819.62  822.4 826.77   5016    1.0

None
N Space = 0.90, dt_max = 50 days
nspace mu_expec dt_expec mu_pos dt_pos chi_r chi_g chi_i
0.90  0.45  50.03  0.30  5.78  181.13  205.68   155.54
        mean se_mean     sd   2.5%    25%    50%    75%  97.5%  n_eff   Rhat
Pr[1] 3.6e-6  3.4e-8 2.7e-6 1.5e-7 1.5e-6 3.1e-6 5.2e-6 1.0e-5   6319    1.0
Pr[2] 4.2e-5  6.0e-8 4.0e-6 3.4e-5 3.9e-5 4.2e-5 4.4e-5 5.0e-5   4478    1.0
Pr[3] 1.1e-4 10.0e-8 6.3e-6 9.4e-5 1.0e-4 1.1e-4 1.1e-4 1.2e-4   3956    1.0
Pr[4] 4.2e-5  6.7e-8 4.3e-6 3.4e-5 3.9e-5 4.2e-5 4.5e-5 5.1e-5   4092    1.0
Pr[5] 6.5e-6  4.3e-8 3.2e-6 8.6e-7 4.2e-6 6.4e-6 8.7e-6 1.3e-5   5635    1.0
Pr[6] 1.2e-5  4.0e-8 3.2e-6 5.7e-6 9.7e-6 1.2e-5 1.4e-5 1.8e-5   6149    1.0
Pr[7] 4.9e-6  3.6e-8 2.9e-6 3.4e-7 2.6e-6 4.6e-6 6.8e-6 1.1e-5   6737    1.0
Pr[8]   0.43  2.9e-3   0.25   0.03   0.22   0.42   0.64   0.87   7202    1.0
Pg[1] 1.4e-6  1.5e-8 1.2e-6 4.0e-8 4.5e-7 1.1e-6 2.0e-6 4.5e-6   7134    1.0
Pg[2] 2.2e-5  4.0e-8 2.7e-6 1.7e-5 2.0e-5 2.2e-5 2.4e-5 2.7e-5   4718    1.0
Pg[3] 8.0e-5  9.1e-8 5.3e-6 7.0e-5 7.7e-5 8.0e-5 8.4e-5 9.1e-5   3351    1.0
Pg[4] 1.6e-5  3.8e-8 2.7e-6 1.1e-5 1.4e-5 1.6e-5 1.7e-5 2.1e-5   4974    1.0
Pg[5] 3.9e-6  2.5e-8 2.1e-6 3.9e-7 2.3e-6 3.8e-6 5.3e-6 8.4e-6   7200    1.0
Pg[6] 4.9e-6  2.7e-8 2.2e-6 1.0e-6 3.4e-6 4.8e-6 6.4e-6 9.4e-6   6461    1.0
Pg[7] 2.1e-6  1.9e-8 1.6e-6 8.7e-8 8.4e-7 1.8e-6 3.0e-6 5.9e-6   6704    1.0
Pg[8]   0.44  3.0e-3   0.26   0.02   0.22   0.44   0.66   0.88   7262    1.0
Pi[1] 2.2e-6  2.0e-8 1.7e-6 8.9e-8 9.2e-7 1.9e-6 3.2e-6 6.4e-6   7152    1.0
Pi[2] 3.1e-5  3.7e-8 2.6e-6 2.6e-5 2.9e-5 3.1e-5 3.3e-5 3.6e-5   4826    1.0
Pi[3] 7.3e-5  6.5e-8 4.1e-6 6.4e-5 7.1e-5 7.3e-5 7.6e-5 8.0e-5   3938    1.0
Pi[4] 4.5e-5  5.1e-8 3.2e-6 3.9e-5 4.3e-5 4.5e-5 4.7e-5 5.1e-5   3817    1.0
Pi[5] 1.9e-5  3.0e-8 2.4e-6 1.4e-5 1.7e-5 1.9e-5 2.1e-5 2.4e-5   6284    1.0
Pi[6] 1.0e-5  2.7e-8 2.1e-6 6.3e-6 8.9e-6 1.0e-5 1.2e-5 1.5e-5   6493    1.0
Pi[7] 5.8e-6  3.0e-8 2.4e-6 1.3e-6 4.1e-6 5.7e-6 7.3e-6 1.1e-5   6311    1.0
Pi[8]   0.31  2.5e-3    0.2   0.05   0.15   0.26   0.43    0.8   6469    1.0
lr      9.67  6.4e-3   0.43   8.73    9.4    9.7   9.97  10.42   4488    1.0
lg      8.57  8.0e-3   0.49   7.51   8.26   8.61   8.92   9.43   3864    1.0
li      10.5  6.5e-3   0.45   9.56  10.22  10.52  10.79  11.36   4761    1.0
mu       0.3  9.3e-4   0.05   0.25   0.26   0.29   0.32   0.43   2987    1.0
dt      5.78    0.04   2.28   1.66   4.15   5.58   7.32  10.55   3429    1.0
lp__  819.57    0.06   4.26 810.26  816.9 819.87 822.64 826.86   5736    1.0

None
N Space = 1.00, dt_max = 50 days
nspace mu_expec dt_expec mu_pos dt_pos chi_r chi_g chi_i
1.00  0.45  50.03  0.30  5.71  181.05  205.73   155.60
        mean se_mean     sd   2.5%    25%    50%    75%  97.5%  n_eff   Rhat
Pr[1] 3.6e-6  3.3e-8 2.7e-6 1.5e-7 1.5e-6 3.1e-6 5.2e-6 1.0e-5   6770    1.0
Pr[2] 4.2e-5  5.9e-8 4.0e-6 3.4e-5 3.9e-5 4.2e-5 4.5e-5 5.0e-5   4674    1.0
Pr[3] 1.1e-4  9.7e-8 6.2e-6 9.3e-5 1.0e-4 1.1e-4 1.1e-4 1.2e-4   4090    1.0
Pr[4] 4.2e-5  6.2e-8 4.3e-6 3.4e-5 3.9e-5 4.2e-5 4.5e-5 5.1e-5   4847    1.0
Pr[5] 6.6e-6  3.9e-8 3.1e-6 1.0e-6 4.3e-6 6.4e-6 8.6e-6 1.3e-5   6425    1.0
Pr[6] 1.2e-5  3.9e-8 3.1e-6 5.6e-6 9.7e-6 1.2e-5 1.4e-5 1.8e-5   6389    1.0
Pr[7] 4.9e-6  3.6e-8 2.9e-6 3.3e-7 2.6e-6 4.6e-6 6.8e-6 1.1e-5   6714    1.0
Pr[8]   0.48  3.3e-3   0.28   0.03   0.24   0.46   0.71   0.97   7036    1.0
Pg[1] 1.4e-6  1.4e-8 1.2e-6 4.0e-8 4.7e-7 1.1e-6 2.0e-6 4.6e-6   7327    1.0
Pg[2] 2.2e-5  4.0e-8 2.7e-6 1.7e-5 2.0e-5 2.2e-5 2.3e-5 2.7e-5   4622    1.0
Pg[3] 8.0e-5  8.5e-8 5.3e-6 6.9e-5 7.7e-5 8.0e-5 8.3e-5 9.1e-5   3899    1.0
Pg[4] 1.6e-5  3.6e-8 2.6e-6 1.1e-5 1.4e-5 1.5e-5 1.7e-5 2.1e-5   5400    1.0
Pg[5] 4.0e-6  2.7e-8 2.1e-6 4.1e-7 2.5e-6 3.9e-6 5.4e-6 8.5e-6   6309    1.0
Pg[6] 4.9e-6  2.8e-8 2.2e-6 9.5e-7 3.4e-6 4.9e-6 6.4e-6 9.3e-6   5907    1.0
Pg[7] 2.1e-6  1.9e-8 1.6e-6 8.1e-8 8.3e-7 1.8e-6 3.0e-6 5.8e-6   6795    1.0
Pg[8]   0.49  3.5e-3   0.29   0.02   0.24   0.48   0.73   0.97   6650    1.0
Pi[1] 2.2e-6  2.0e-8 1.7e-6 8.2e-8 8.8e-7 1.9e-6 3.2e-6 6.2e-6   6970    1.0
Pi[2] 3.1e-5  3.7e-8 2.6e-6 2.6e-5 2.9e-5 3.1e-5 3.3e-5 3.6e-5   5068    1.0
Pi[3] 7.3e-5  6.1e-8 4.0e-6 6.4e-5 7.1e-5 7.4e-5 7.6e-5 8.0e-5   4337    1.0
Pi[4] 4.5e-5  4.7e-8 3.1e-6 3.9e-5 4.3e-5 4.5e-5 4.7e-5 5.1e-5   4443    1.0
Pi[5] 1.9e-5  2.9e-8 2.4e-6 1.4e-5 1.7e-5 1.9e-5 2.0e-5 2.4e-5   6694    1.0
Pi[6] 1.0e-5  2.7e-8 2.1e-6 6.2e-6 8.9e-6 1.0e-5 1.2e-5 1.5e-5   6090    1.0
Pi[7] 5.8e-6  3.2e-8 2.4e-6 1.2e-6 4.0e-6 5.7e-6 7.4e-6 1.1e-5   5872    1.0
Pi[8]   0.32  2.6e-3   0.21   0.05   0.16   0.26   0.44   0.86   6638    1.0
lr      9.66  6.5e-3   0.43   8.74   9.39   9.69   9.96  10.45   4456    1.0
lg      8.57  7.7e-3    0.5   7.47   8.26   8.62   8.92   9.45   4206    1.0
li      10.5  6.4e-3   0.45   9.57  10.22  10.51   10.8  11.35   4856    1.0
mu       0.3  8.4e-4   0.05   0.25   0.27   0.28   0.32   0.44   3663    1.0
dt      5.71    0.04   2.26   1.74   4.07   5.52   7.21  10.44   3689    1.0
lp__  819.84    0.06   4.32 810.36 817.17 820.24  822.9 827.08   4931    1.0

None
N Space = 3.00, dt_max = 50 days
nspace mu_expec dt_expec mu_pos dt_pos chi_r chi_g chi_i
3.00  0.45  50.03  0.30  5.41  181.03  206.04   156.25
        mean se_mean     sd   2.5%    25%    50%    75%  97.5%  n_eff   Rhat
Pr[1] 3.7e-6  3.4e-8 2.7e-6 1.6e-7 1.5e-6 3.2e-6 5.3e-6 1.0e-5   6686    1.0
Pr[2] 4.2e-5  5.9e-8 3.9e-6 3.4e-5 3.9e-5 4.2e-5 4.4e-5 5.0e-5   4520    1.0
Pr[3] 1.1e-4  9.8e-8 6.3e-6 9.4e-5 1.0e-4 1.1e-4 1.1e-4 1.2e-4   4146    1.0
Pr[4] 4.2e-5  6.4e-8 4.2e-6 3.4e-5 3.9e-5 4.2e-5 4.5e-5 5.1e-5   4424    1.0
Pr[5] 6.7e-6  4.0e-8 3.2e-6 9.4e-7 4.4e-6 6.6e-6 8.8e-6 1.3e-5   6346    1.0
Pr[6] 1.2e-5  4.1e-8 3.2e-6 5.5e-6 9.6e-6 1.2e-5 1.4e-5 1.8e-5   6126    1.0
Pr[7] 4.7e-6  3.6e-8 2.9e-6 2.6e-7 2.5e-6 4.4e-6 6.6e-6 1.1e-5   6575    1.0
Pr[8]   1.08  9.2e-3   0.78   0.05   0.42    0.9   1.62   2.79   7281    1.0
Pg[1] 1.4e-6  1.5e-8 1.2e-6 4.0e-8 4.7e-7 1.1e-6 2.0e-6 4.5e-6   6603    1.0
Pg[2] 2.1e-5  3.9e-8 2.7e-6 1.6e-5 2.0e-5 2.1e-5 2.3e-5 2.7e-5   4799    1.0
Pg[3] 8.0e-5  8.8e-8 5.2e-6 6.9e-5 7.7e-5 8.0e-5 8.3e-5 9.0e-5   3466    1.0
Pg[4] 1.5e-5  3.6e-8 2.6e-6 1.1e-5 1.4e-5 1.5e-5 1.7e-5 2.1e-5   5184    1.0
Pg[5] 4.1e-6  2.6e-8 2.1e-6 5.0e-7 2.5e-6 4.0e-6 5.5e-6 8.4e-6   6329    1.0
Pg[6] 4.9e-6  2.7e-8 2.1e-6 9.2e-7 3.3e-6 4.8e-6 6.3e-6 9.2e-6   6393    1.0
Pg[7] 2.1e-6  1.9e-8 1.6e-6 8.2e-8 8.3e-7 1.7e-6 3.0e-6 5.8e-6   6985    1.0
Pg[8]   1.38    0.01   0.86   0.05   0.63    1.3   2.11    2.9   7111    1.0
Pi[1] 2.2e-6  2.0e-8 1.6e-6 1.0e-7 9.2e-7 1.9e-6 3.2e-6 6.1e-6   6902    1.0
Pi[2] 3.1e-5  3.8e-8 2.6e-6 2.6e-5 2.9e-5 3.1e-5 3.3e-5 3.6e-5   4507    1.0
Pi[3] 7.3e-5  6.3e-8 4.1e-6 6.5e-5 7.1e-5 7.3e-5 7.6e-5 8.1e-5   4270    1.0
Pi[4] 4.5e-5  4.9e-8 3.1e-6 3.9e-5 4.3e-5 4.5e-5 4.7e-5 5.1e-5   4016    1.0
Pi[5] 1.9e-5  3.1e-8 2.4e-6 1.4e-5 1.7e-5 1.9e-5 2.0e-5 2.4e-5   5682    1.0
Pi[6] 1.0e-5  2.6e-8 2.1e-6 6.2e-6 8.9e-6 1.0e-5 1.2e-5 1.5e-5   6778    1.0
Pi[7] 5.7e-6  3.2e-8 2.4e-6 1.2e-6 4.0e-6 5.6e-6 7.3e-6 1.1e-5   5807    1.0
Pi[8]   0.39  4.5e-3   0.35   0.05   0.17   0.29   0.49   1.39   6137    1.0
lr      9.58  6.3e-3   0.41   8.69   9.34    9.6   9.85  10.33   4224    1.0
lg      8.59  7.6e-3   0.46   7.58    8.3   8.62   8.92    9.4   3741    1.0
li     10.51  6.6e-3   0.45    9.6  10.22  10.51   10.8  11.38   4674    1.0
mu       0.3  9.0e-4   0.05   0.25   0.27   0.29   0.32   0.44   3411    1.0
dt      5.41    0.04   2.17   1.64   3.83   5.21   6.78  10.09   3427    1.0
lp__  821.88    0.06   4.31 812.49 819.23 822.25 824.97 829.21   5201    1.0

None
N Space = 10.00, dt_max = 50 days
nspace mu_expec dt_expec mu_pos dt_pos chi_r chi_g chi_i
10.00  0.45  50.03  0.30  5.18  181.44  206.72   156.35
        mean se_mean     sd   2.5%    25%    50%    75%  97.5%  n_eff   Rhat
Pr[1] 3.6e-6  3.2e-8 2.7e-6 1.5e-7 1.5e-6 3.1e-6 5.2e-6 1.0e-5   7070    1.0
Pr[2] 4.2e-5  6.2e-8 4.0e-6 3.4e-5 3.9e-5 4.2e-5 4.5e-5 5.0e-5   4129    1.0
Pr[3] 1.1e-4  1.1e-7 6.3e-6 9.4e-5 1.0e-4 1.1e-4 1.1e-4 1.2e-4   3404    1.0
Pr[4] 4.2e-5  6.6e-8 4.2e-6 3.4e-5 3.9e-5 4.2e-5 4.5e-5 5.0e-5   4157    1.0
Pr[5] 6.8e-6  4.0e-8 3.1e-6 1.0e-6 4.5e-6 6.7e-6 8.9e-6 1.3e-5   6207    1.0
Pr[6] 1.2e-5  4.0e-8 3.2e-6 5.7e-6 9.7e-6 1.2e-5 1.4e-5 1.8e-5   6276    1.0
Pr[7] 4.8e-6  3.7e-8 3.0e-6 2.9e-7 2.5e-6 4.5e-6 6.7e-6 1.1e-5   6575    1.0
Pr[8]   1.78    0.02   1.84   0.06   0.52   1.15   2.34   7.37   6339    1.0
Pg[1] 1.4e-6  1.5e-8 1.2e-6 4.1e-8 4.8e-7 1.1e-6 2.0e-6 4.6e-6   6674    1.0
Pg[2] 2.1e-5  4.1e-8 2.7e-6 1.6e-5 2.0e-5 2.1e-5 2.3e-5 2.7e-5   4370    1.0
Pg[3] 8.0e-5  9.4e-8 5.1e-6 7.0e-5 7.7e-5 8.0e-5 8.3e-5 9.1e-5   3009    1.0
Pg[4] 1.5e-5  3.8e-8 2.6e-6 1.1e-5 1.4e-5 1.5e-5 1.7e-5 2.1e-5   4778    1.0
Pg[5] 4.1e-6  2.5e-8 2.1e-6 5.3e-7 2.5e-6 3.9e-6 5.5e-6 8.4e-6   6598    1.0
Pg[6] 4.9e-6  2.9e-8 2.1e-6 1.0e-6 3.4e-6 4.9e-6 6.4e-6 9.3e-6   5549    1.0
Pg[7] 2.1e-6  1.9e-8 1.6e-6 9.6e-8 7.9e-7 1.7e-6 3.0e-6 6.0e-6   6842    1.0
Pg[8]   3.95    0.03   2.82   0.14    1.5   3.47    6.1   9.57   7429    1.0
Pi[1] 2.2e-6  2.0e-8 1.6e-6 9.8e-8 9.3e-7 1.9e-6 3.2e-6 6.1e-6   6735    1.0
Pi[2] 3.1e-5  4.1e-8 2.6e-6 2.6e-5 2.9e-5 3.1e-5 3.2e-5 3.6e-5   4091    1.0
Pi[3] 7.3e-5  6.6e-8 4.1e-6 6.4e-5 7.1e-5 7.4e-5 7.6e-5 8.1e-5   3945    1.0
Pi[4] 4.5e-5  5.0e-8 3.1e-6 3.9e-5 4.3e-5 4.5e-5 4.7e-5 5.1e-5   3857    1.0
Pi[5] 1.9e-5  3.2e-8 2.4e-6 1.4e-5 1.7e-5 1.9e-5 2.0e-5 2.3e-5   5513    1.0
Pi[6] 1.0e-5  2.8e-8 2.1e-6 6.2e-6 8.8e-6 1.0e-5 1.2e-5 1.5e-5   5788    1.0
Pi[7] 5.7e-6  3.0e-8 2.4e-6 1.2e-6 4.0e-6 5.6e-6 7.3e-6 1.1e-5   6495    1.0
Pi[8]   0.41  4.7e-3   0.39   0.06   0.17   0.29   0.51   1.44   6627    1.0
lr      9.54  6.4e-3   0.42   8.64   9.28   9.56   9.82  10.33   4314    1.0
lg      8.53  7.0e-3   0.45   7.51   8.27   8.58   8.84   9.31   4144    1.0
li     10.52  6.2e-3   0.44   9.63  10.23  10.52  10.81  11.38   5065    1.0
mu       0.3  1.0e-3   0.05   0.25   0.27   0.29   0.32   0.44   2807    1.0
dt      5.18    0.04   2.18   1.47   3.62   4.94   6.52   9.99   3411    1.0
lp__   823.3    0.06   4.34 813.67 820.63 823.69 826.44 830.59   4652    1.0

None
N Space = 20.00, dt_max = 50 days
nspace mu_expec dt_expec mu_pos dt_pos chi_r chi_g chi_i
20.00  0.45  50.03  0.30  5.31  181.90  207.15   156.39
        mean se_mean     sd   2.5%    25%    50%    75%   97.5%  n_eff   Rhat
Pr[1] 3.7e-6  3.2e-8 2.7e-6 1.6e-7 1.6e-6 3.2e-6 5.3e-6 10.0e-6   6880    1.0
Pr[2] 4.2e-5  6.1e-8 4.0e-6 3.4e-5 4.0e-5 4.2e-5 4.5e-5  5.0e-5   4320    1.0
Pr[3] 1.1e-4  1.0e-7 6.4e-6 9.4e-5 1.0e-4 1.1e-4 1.1e-4  1.2e-4   3966    1.0
Pr[4] 4.2e-5  6.8e-8 4.3e-6 3.4e-5 3.9e-5 4.2e-5 4.5e-5  5.1e-5   4014    1.0
Pr[5] 6.8e-6  3.9e-8 3.2e-6 9.7e-7 4.4e-6 6.7e-6 9.0e-6  1.3e-5   6540    1.0
Pr[6] 1.2e-5  4.1e-8 3.2e-6 5.7e-6 9.7e-6 1.2e-5 1.4e-5  1.8e-5   5915    1.0
Pr[7] 4.8e-6  3.6e-8 3.0e-6 3.0e-7 2.4e-6 4.4e-6 6.7e-6  1.1e-5   6724    1.0
Pr[8]    2.0    0.03   2.38   0.07   0.54   1.19   2.49    8.93   6901    1.0
Pg[1] 1.4e-6  1.4e-8 1.2e-6 4.7e-8 4.9e-7 1.1e-6 2.0e-6  4.5e-6   7371    1.0
Pg[2] 2.2e-5  4.2e-8 2.8e-6 1.6e-5 2.0e-5 2.2e-5 2.3e-5  2.8e-5   4345    1.0
Pg[3] 8.1e-5  8.9e-8 5.2e-6 7.0e-5 7.7e-5 8.1e-5 8.4e-5  9.1e-5   3448    1.0
Pg[4] 1.6e-5  3.8e-8 2.7e-6 1.1e-5 1.4e-5 1.5e-5 1.7e-5  2.1e-5   4995    1.0
Pg[5] 4.0e-6  2.8e-8 2.1e-6 4.5e-7 2.5e-6 3.9e-6 5.4e-6  8.5e-6   5718    1.0
Pg[6] 5.0e-6  2.9e-8 2.2e-6 9.9e-7 3.4e-6 4.9e-6 6.4e-6  9.3e-6   5397    1.0
Pg[7] 2.1e-6  1.9e-8 1.6e-6 8.9e-8 8.3e-7 1.8e-6 3.0e-6  5.7e-6   7069    1.0
Pg[8]   6.79    0.06   5.43   0.17   2.17   5.32  10.67   18.67   7114    1.0
Pi[1] 2.2e-6  2.0e-8 1.6e-6 8.7e-8 8.7e-7 1.9e-6 3.2e-6  6.1e-6   6789    1.0
Pi[2] 3.1e-5  3.9e-8 2.6e-6 2.6e-5 2.9e-5 3.1e-5 3.3e-5  3.6e-5   4547    1.0
Pi[3] 7.3e-5  6.4e-8 4.1e-6 6.4e-5 7.1e-5 7.4e-5 7.6e-5  8.1e-5   4218    1.0
Pi[4] 4.5e-5  5.3e-8 3.1e-6 3.9e-5 4.3e-5 4.5e-5 4.7e-5  5.1e-5   3501    1.0
Pi[5] 1.9e-5  3.1e-8 2.4e-6 1.4e-5 1.7e-5 1.9e-5 2.0e-5  2.3e-5   5840    1.0
Pi[6] 1.0e-5  2.7e-8 2.1e-6 6.2e-6 8.9e-6 1.0e-5 1.2e-5  1.5e-5   6327    1.0
Pi[7] 5.7e-6  2.8e-8 2.4e-6 1.3e-6 4.0e-6 5.7e-6 7.3e-6  1.1e-5   7168    1.0
Pi[8]   0.41  4.9e-3    0.4   0.05   0.17   0.29   0.51    1.43   6637    1.0
lr       9.5  6.7e-3   0.43   8.55   9.24   9.52   9.79   10.28   4155    1.0
lg      8.45  7.6e-3   0.46    7.4   8.17   8.49   8.77    9.27   3742    1.0
li      10.5  7.0e-3   0.46   9.55  10.21   10.5   10.8    11.4   4392    1.0
mu       0.3  9.3e-4   0.05   0.25   0.27   0.29   0.32    0.45   3283    1.0
dt      5.31    0.04   2.25   1.53   3.67   5.08   6.69    10.3   3296    1.0
lp__  823.79    0.06   4.29  814.4 821.11 824.1
None
N Space = 30.00, dt_max = 50 days
nspace mu_expec dt_expec mu_pos dt_pos chi_r chi_g chi_i
30.00  0.45  50.03  0.30  5.31  181.93  207.52   156.29
        mean se_mean     sd   2.5%    25%    50%    75%   97.5%  n_eff   Rhat
Pr[1] 3.7e-6  3.4e-8 2.7e-6 1.6e-7 1.6e-6 3.2e-6 5.3e-6 10.0e-6   6097    1.0
Pr[2] 4.2e-5  6.1e-8 4.0e-6 3.5e-5 3.9e-5 4.2e-5 4.5e-5  5.0e-5   4224    1.0
Pr[3] 1.1e-4  1.0e-7 6.3e-6 9.4e-5 1.0e-4 1.1e-4 1.1e-4  1.2e-4   3998    1.0
Pr[4] 4.2e-5  7.0e-8 4.3e-6 3.4e-5 3.9e-5 4.2e-5 4.5e-5  5.1e-5   3701    1.0
Pr[5] 6.8e-6  3.9e-8 3.2e-6 9.8e-7 4.4e-6 6.7e-6 8.9e-6  1.3e-5   6766    1.0
Pr[6] 1.2e-5  3.8e-8 3.2e-6 5.6e-6 9.7e-6 1.2e-5 1.4e-5  1.8e-5   6886    1.0
Pr[7] 4.7e-6  3.6e-8 3.0e-6 2.7e-7 2.4e-6 4.4e-6 6.7e-6  1.1e-5   6888    1.0
Pr[8]   2.03    0.03   2.65   0.06   0.52    1.2   2.48    9.38   6883    1.0
Pg[1] 1.4e-6  1.5e-8 1.2e-6 4.9e-8 4.7e-7 1.1e-6 2.0e-6  4.5e-6   6982    1.0
Pg[2] 2.2e-5  4.7e-8 2.8e-6 1.7e-5 2.0e-5 2.2e-5 2.3e-5  2.8e-5   3484    1.0
Pg[3] 8.1e-5  9.2e-8 5.2e-6 7.0e-5 7.8e-5 8.1e-5 8.4e-5  9.2e-5   3228    1.0
Pg[4] 1.6e-5  4.1e-8 2.7e-6 1.1e-5 1.4e-5 1.6e-5 1.7e-5  2.1e-5   4284    1.0
Pg[5] 4.0e-6  2.7e-8 2.1e-6 4.8e-7 2.5e-6 3.9e-6 5.4e-6  8.4e-6   5958    1.0
Pg[6] 5.0e-6  2.8e-8 2.2e-6 9.2e-7 3.4e-6 4.9e-6 6.4e-6  9.3e-6   5722    1.0
Pg[7] 2.1e-6  2.0e-8 1.6e-6 8.6e-8 8.2e-7 1.8e-6 3.0e-6  6.0e-6   6267    1.0
Pg[8]   9.11     0.1   7.92   0.21   2.55   6.75  13.97   27.99   6471    1.0
Pi[1] 2.2e-6  2.0e-8 1.6e-6 9.7e-8 9.1e-7 1.9e-6 3.2e-6  6.1e-6   6886    1.0
Pi[2] 3.1e-5  3.9e-8 2.6e-6 2.6e-5 2.9e-5 3.1e-5 3.3e-5  3.6e-5   4387    1.0
Pi[3] 7.3e-5  6.5e-8 4.1e-6 6.4e-5 7.1e-5 7.4e-5 7.6e-5  8.1e-5   4043    1.0
Pi[4] 4.5e-5  5.1e-8 3.1e-6 3.9e-5 4.3e-5 4.5e-5 4.7e-5  5.1e-5   3728    1.0
Pi[5] 1.9e-5  3.1e-8 2.4e-6 1.4e-5 1.7e-5 1.9e-5 2.0e-5  2.4e-5   6051    1.0
Pi[6] 1.0e-5  2.7e-8 2.1e-6 6.3e-6 8.9e-6 1.0e-5 1.2e-5  1.5e-5   6259    1.0
Pi[7] 5.7e-6  3.1e-8 2.4e-6 1.2e-6 4.0e-6 5.6e-6 7.3e-6  1.1e-5   6142    1.0
Pi[8]    0.4  4.6e-3   0.39   0.05   0.17   0.28   0.49     1.4   6957    1.0
lr       9.5  7.6e-3   0.44   8.54   9.24   9.53    9.8   10.31   3415    1.0
lg      8.42  8.2e-3   0.47   7.37   8.14   8.46   8.73    9.24   3205    1.0
li     10.51  7.0e-3   0.46   9.59  10.22  10.52  10.81   11.38   4197    1.0
mu       0.3  8.7e-4   0.05   0.25   0.27   0.29   0.32    0.45   3522    1.0
dt      5.31    0.04   2.24   1.46   3.71   5.04    6.7   10.35   2702    1.0
lp__  823.97    0.06   4.32  814.5 821.33  824.
None
N Space = 60.00, dt_max = 50 days
nspace mu_expec dt_expec mu_pos dt_pos chi_r chi_g chi_i
60.00  0.45  50.03  0.30  5.28  181.96  208.24   156.40
        mean se_mean     sd   2.5%    25%    50%    75%   97.5%  n_eff   Rhat
Pr[1] 3.7e-6  3.1e-8 2.7e-6 1.6e-7 1.6e-6 3.2e-6 5.2e-6 10.0e-6   7297    1.0
Pr[2] 4.2e-5  6.2e-8 4.0e-6 3.4e-5 3.9e-5 4.2e-5 4.5e-5  5.0e-5   4257    1.0
Pr[3] 1.1e-4  1.1e-7 6.4e-6 9.4e-5 1.0e-4 1.1e-4 1.1e-4  1.2e-4   3521    1.0
Pr[4] 4.2e-5  7.3e-8 4.3e-6 3.4e-5 3.9e-5 4.2e-5 4.5e-5  5.1e-5   3569    1.0
Pr[5] 6.7e-6  4.1e-8 3.2e-6 1.0e-6 4.4e-6 6.6e-6 8.9e-6  1.3e-5   6106    1.0
Pr[6] 1.2e-5  3.9e-8 3.1e-6 5.5e-6 9.7e-6 1.2e-5 1.4e-5  1.8e-5   6636    1.0
Pr[7] 4.7e-6  3.8e-8 2.9e-6 3.2e-7 2.4e-6 4.4e-6 6.6e-6  1.1e-5   5963    1.0
Pr[8]   2.08    0.03    2.9   0.06   0.53    1.2   2.49    9.97   7152    1.0
Pg[1] 1.4e-6  1.5e-8 1.2e-6 4.6e-8 4.7e-7 1.1e-6 2.1e-6  4.6e-6   7130    1.0
Pg[2] 2.2e-5  4.3e-8 2.8e-6 1.6e-5 2.0e-5 2.2e-5 2.3e-5  2.8e-5   4254    1.0
Pg[3] 8.1e-5  9.7e-8 5.4e-6 7.0e-5 7.8e-5 8.1e-5 8.4e-5  9.2e-5   3070    1.0
Pg[4] 1.6e-5  3.8e-8 2.7e-6 1.1e-5 1.4e-5 1.6e-5 1.7e-5  2.1e-5   4911    1.0
Pg[5] 4.1e-6  2.8e-8 2.1e-6 4.3e-7 2.5e-6 4.0e-6 5.5e-6  8.5e-6   5919    1.0
Pg[6] 4.9e-6  2.9e-8 2.2e-6 8.7e-7 3.4e-6 4.9e-6 6.4e-6  9.4e-6   5802    1.0
Pg[7] 2.1e-6  2.0e-8 1.6e-6 8.3e-8 8.5e-7 1.8e-6 3.0e-6  6.1e-6   6689    1.0
Pg[8]  14.27    0.17  14.48   0.25    3.2   8.78  20.84   52.38   6875    1.0
Pi[1] 2.2e-6  1.9e-8 1.7e-6 8.9e-8 8.8e-7 1.9e-6 3.2e-6  6.1e-6   7431    1.0
Pi[2] 3.1e-5  4.0e-8 2.6e-6 2.6e-5 2.9e-5 3.1e-5 3.3e-5  3.6e-5   4119    1.0
Pi[3] 7.3e-5  6.5e-8 4.2e-6 6.4e-5 7.1e-5 7.3e-5 7.6e-5  8.1e-5   4151    1.0
Pi[4] 4.5e-5  5.5e-8 3.2e-6 3.8e-5 4.3e-5 4.5e-5 4.7e-5  5.1e-5   3302    1.0
Pi[5] 1.9e-5  3.0e-8 2.4e-6 1.4e-5 1.7e-5 1.9e-5 2.0e-5  2.4e-5   6145    1.0
Pi[6] 1.0e-5  2.7e-8 2.1e-6 6.3e-6 8.9e-6 1.0e-5 1.2e-5  1.5e-5   6186    1.0
Pi[7] 5.7e-6  2.9e-8 2.4e-6 1.3e-6 4.0e-6 5.6e-6 7.3e-6  1.0e-5   6645    1.0
Pi[8]   0.41  5.0e-3   0.41   0.05   0.17   0.29   0.51    1.43   6729    1.0
lr       9.5  7.5e-3   0.44   8.56   9.24   9.53    9.8   10.29   3418    1.0
lg      8.36  8.3e-3   0.48   7.28   8.09   8.41   8.69    9.19   3333    1.0
li      10.5  7.1e-3   0.46   9.58  10.21  10.51   10.8   11.41   4217    1.0
mu       0.3  9.7e-4   0.05   0.25   0.27   0.29   0.32    0.45   3147    1.0
dt      5.28    0.04   2.26   1.52   3.67   4.99   6.64   10.38   2797    1.0
lp__  824.13    0.06   4.33 814.68 821.49 824.5
None
