N Space = 0.20, dt_max = 30 days
nspace mu_expec dt_expec mu_pos dt_pos chi_r chi_g chi_i
0.20  0.45  50.03  0.99  17.36  61.36  151.37   34.20
        mean se_mean     sd   2.5%    25%    50%    75%  97.5%  n_eff   Rhat
Pr[1] 4.1e-6  3.6e-8 3.1e-6 1.8e-7 1.7e-6 3.5e-6 5.9e-6 1.1e-5   7071    1.0
Pr[2] 4.1e-5  4.6e-8 3.7e-6 3.4e-5 3.8e-5 4.1e-5 4.3e-5 4.8e-5   6413    1.0
Pr[3] 1.5e-5  4.4e-8 3.6e-6 8.7e-6 1.3e-5 1.5e-5 1.8e-5 2.3e-5   6510    1.0
Pr[4] 1.0e-4  7.6e-8 6.3e-6 8.9e-5 9.7e-5 1.0e-4 1.1e-4 1.1e-4   6785    1.0
Pr[5] 1.4e-6  1.6e-8 1.3e-6 3.6e-8 4.5e-7 1.1e-6 2.0e-6 4.8e-6   6457    1.0
Pr[6] 1.1e-5  3.6e-8 2.9e-6 5.1e-6 8.7e-6 1.1e-5 1.3e-5 1.7e-5   6801    1.0
Pr[7] 6.9e-6  3.2e-8 2.6e-6 2.0e-6 5.2e-6 6.9e-6 8.6e-6 1.2e-5   6185    1.0
Pr[8] 3.5e-5  2.4e-7 2.0e-5 3.6e-6 2.0e-5 3.2e-5 4.6e-5 7.9e-5   6669    1.0
Pg[1] 1.9e-6  2.0e-8 1.7e-6 6.3e-8 6.3e-7 1.4e-6 2.7e-6 6.2e-6   7243    1.0
Pg[2] 3.3e-5  3.1e-8 2.6e-6 2.8e-5 3.2e-5 3.3e-5 3.5e-5 3.9e-5   7020    1.0
Pg[3] 1.8e-5  3.4e-8 2.9e-6 1.3e-5 1.6e-5 1.8e-5 2.0e-5 2.4e-5   7336    1.0
Pg[4] 7.8e-5  5.9e-8 4.8e-6 6.9e-5 7.4e-5 7.8e-5 8.1e-5 8.7e-5   6640    1.0
Pg[5] 6.0e-7  6.5e-9 5.6e-7 1.6e-8 1.9e-7 4.3e-7 8.4e-7 2.0e-6   7411    1.0
Pg[6] 5.5e-6  2.8e-8 2.3e-6 1.2e-6 3.8e-6 5.4e-6 7.0e-6 1.0e-5   6775    1.0
Pg[7] 2.7e-6  2.1e-8 1.7e-6 1.5e-7 1.3e-6 2.5e-6 3.8e-6 6.6e-6   6487    1.0
Pg[8] 2.7e-5  2.8e-7 2.4e-5 9.5e-7 9.3e-6 2.1e-5 3.8e-5 8.9e-5   7142    1.0
Pi[1] 2.5e-6  2.3e-8 1.9e-6 9.7e-8 9.9e-7 2.1e-6 3.6e-6 7.1e-6   6628    1.0
Pi[2] 2.7e-5  2.6e-8 2.1e-6 2.3e-5 2.6e-5 2.7e-5 2.9e-5 3.2e-5   6533    1.0
Pi[3] 1.4e-5  2.8e-8 2.3e-6 9.4e-6 1.2e-5 1.4e-5 1.5e-5 1.8e-5   6690    1.0
Pi[4] 6.8e-5  4.0e-8 3.4e-6 6.1e-5 6.5e-5 6.8e-5 7.0e-5 7.4e-5   7079    1.0
Pi[5] 1.2e-5  2.9e-8 2.4e-6 7.8e-6 1.1e-5 1.2e-5 1.4e-5 1.7e-5   6815    1.0
Pi[6] 1.6e-5  2.5e-8 2.1e-6 1.2e-5 1.4e-5 1.6e-5 1.7e-5 2.0e-5   7304    1.0
Pi[7] 5.4e-6  2.2e-8 1.7e-6 2.0e-6 4.3e-6 5.4e-6 6.6e-6 8.9e-6   6072    1.0
Pi[8] 3.9e-5  1.6e-7 1.3e-5 1.6e-5 2.9e-5 3.7e-5 4.7e-5 6.7e-5   6824    1.0
lr      8.54  9.6e-3   0.74   7.31   8.03   8.46   8.96  10.22   5924    1.0
lg      6.13  4.2e-3   0.34   5.52   5.89   6.11   6.34   6.83   6589    1.0
li      9.64  9.4e-3   0.73   8.41   9.12   9.58   10.1  11.25   6065    1.0
mu      0.99  8.0e-5 7.0e-3   0.97   0.99   0.99    1.0    1.0   7589    1.0
dt     17.36  3.9e-3   0.33  16.72  17.15  17.36  17.58  18.01   6924    1.0
lp__  933.86    0.06   4.27  924.3 931.28 934.28 936.93 941.11   5096    1.0

None
N Space = 0.80, dt_max = 30 days
nspace mu_expec dt_expec mu_pos dt_pos chi_r chi_g chi_i
0.80  0.45  50.03  0.99  17.36  61.43  151.38   34.19
        mean se_mean     sd   2.5%    25%    50%    75%   97.5%  n_eff   Rhat
Pr[1] 4.1e-6  3.7e-8 3.0e-6 1.7e-7 1.7e-6 3.6e-6 5.9e-6  1.1e-5   6728    1.0
Pr[2] 4.1e-5  4.5e-8 3.7e-6 3.4e-5 3.8e-5 4.1e-5 4.3e-5  4.8e-5   6692    1.0
Pr[3] 1.5e-5  4.4e-8 3.6e-6 8.8e-6 1.3e-5 1.5e-5 1.8e-5  2.3e-5   6386    1.0
Pr[4] 1.0e-4  8.0e-8 6.3e-6 9.0e-5 9.7e-5 1.0e-4 1.1e-4  1.1e-4   6269    1.0
Pr[5] 1.5e-6  1.6e-8 1.3e-6 4.4e-8 4.8e-7 1.1e-6 2.1e-6  4.8e-6   7070    1.0
Pr[6] 1.1e-5  3.5e-8 2.9e-6 5.0e-6 8.6e-6 1.1e-5 1.3e-5  1.6e-5   7122    1.0
Pr[7] 6.9e-6  3.1e-8 2.6e-6 2.1e-6 5.1e-6 6.8e-6 8.6e-6  1.2e-5   6894    1.0
Pr[8] 3.5e-5  2.4e-7 2.0e-5 4.4e-6 2.0e-5 3.3e-5 4.7e-5  8.0e-5   6464    1.0
Pg[1] 1.9e-6  1.9e-8 1.6e-6 5.9e-8 6.2e-7 1.4e-6 2.6e-6  6.0e-6   7206    1.0
Pg[2] 3.3e-5  3.1e-8 2.6e-6 2.8e-5 3.2e-5 3.3e-5 3.5e-5  3.9e-5   6894    1.0
Pg[3] 1.8e-5  3.5e-8 2.9e-6 1.3e-5 1.6e-5 1.8e-5 2.0e-5  2.4e-5   7021    1.0
Pg[4] 7.8e-5  6.1e-8 4.8e-6 6.9e-5 7.4e-5 7.8e-5 8.1e-5  8.7e-5   6339    1.0
Pg[5] 5.9e-7  6.5e-9 5.6e-7 1.5e-8 1.9e-7 4.3e-7 8.3e-7  2.1e-6   7277    1.0
Pg[6] 5.5e-6  2.9e-8 2.3e-6 1.1e-6 3.9e-6 5.4e-6 7.0e-6 10.0e-6   6179    1.0
Pg[7] 2.7e-6  2.0e-8 1.7e-6 1.6e-7 1.3e-6 2.5e-6 3.8e-6  6.5e-6   7148    1.0
Pg[8] 2.7e-5  2.9e-7 2.4e-5 9.6e-7 9.2e-6 2.1e-5 3.8e-5  8.9e-5   6797    1.0
Pi[1] 2.5e-6  2.2e-8 1.9e-6 9.9e-8 1.0e-6 2.1e-6 3.6e-6  7.0e-6   7291    1.0
Pi[2] 2.7e-5  2.8e-8 2.1e-6 2.3e-5 2.6e-5 2.7e-5 2.9e-5  3.2e-5   6021    1.0
Pi[3] 1.4e-5  2.8e-8 2.3e-6 9.3e-6 1.2e-5 1.4e-5 1.5e-5  1.9e-5   6810    1.0
Pi[4] 6.8e-5  4.2e-8 3.4e-6 6.1e-5 6.6e-5 6.8e-5 7.0e-5  7.5e-5   6554    1.0
Pi[5] 1.2e-5  2.9e-8 2.4e-6 7.7e-6 1.1e-5 1.2e-5 1.4e-5  1.7e-5   6611    1.0
Pi[6] 1.6e-5  2.6e-8 2.1e-6 1.2e-5 1.4e-5 1.6e-5 1.7e-5  2.0e-5   6539    1.0
Pi[7] 5.4e-6  2.0e-8 1.7e-6 2.1e-6 4.3e-6 5.4e-6 6.6e-6  8.9e-6   6965    1.0
Pi[8] 3.9e-5  1.7e-7 1.3e-5 1.6e-5 2.9e-5 3.8e-5 4.7e-5  6.8e-5   6331    1.0
lr      8.53  9.7e-3   0.75   7.28   8.01   8.45   8.98   10.22   5986    1.0
lg      6.13  4.3e-3   0.34   5.51   5.89   6.11   6.34    6.85   6245    1.0
li      9.62 10.0e-3   0.75   8.34   9.09   9.56  10.08   11.26   5617    1.0
mu      0.99  8.6e-5 7.2e-3   0.97   0.99   0.99    1.0     1.0   7010    1.0
dt     17.36  3.9e-3   0.33  16.72  17.13  17.36  17.58   18.01   7120    1.0
lp__  933.88    0.06   4.21 924.58 931.26 934.2
None
N Space = 0.90, dt_max = 30 days
nspace mu_expec dt_expec mu_pos dt_pos chi_r chi_g chi_i
0.90  0.45  50.03  0.99  17.37  61.38  151.33   34.25
        mean se_mean     sd   2.5%    25%    50%    75%  97.5%  n_eff   Rhat
Pr[1] 4.1e-6  3.7e-8 3.0e-6 1.7e-7 1.7e-6 3.6e-6 5.9e-6 1.1e-5   6903    1.0
Pr[2] 4.1e-5  4.5e-8 3.6e-6 3.4e-5 3.8e-5 4.1e-5 4.3e-5 4.8e-5   6586    1.0
Pr[3] 1.5e-5  4.5e-8 3.6e-6 8.5e-6 1.3e-5 1.5e-5 1.8e-5 2.3e-5   6323    1.0
Pr[4] 1.0e-4  8.0e-8 6.4e-6 8.9e-5 9.7e-5 1.0e-4 1.1e-4 1.1e-4   6325    1.0
Pr[5] 1.4e-6  1.5e-8 1.3e-6 3.8e-8 4.6e-7 1.1e-6 2.0e-6 4.9e-6   7310    1.0
Pr[6] 1.1e-5  3.5e-8 3.0e-6 4.8e-6 8.6e-6 1.1e-5 1.3e-5 1.7e-5   7184    1.0
Pr[7] 6.9e-6  3.3e-8 2.6e-6 2.1e-6 5.1e-6 6.9e-6 8.7e-6 1.2e-5   6075    1.0
Pr[8] 3.5e-5  2.4e-7 2.0e-5 3.5e-6 2.0e-5 3.2e-5 4.6e-5 7.9e-5   6908    1.0
Pg[1] 1.9e-6  2.0e-8 1.7e-6 6.1e-8 6.3e-7 1.5e-6 2.7e-6 6.2e-6   6968    1.0
Pg[2] 3.3e-5  3.1e-8 2.6e-6 2.8e-5 3.1e-5 3.3e-5 3.5e-5 3.8e-5   7066    1.0
Pg[3] 1.8e-5  3.5e-8 2.9e-6 1.3e-5 1.6e-5 1.8e-5 2.0e-5 2.4e-5   6969    1.0
Pg[4] 7.8e-5  5.9e-8 4.8e-6 6.9e-5 7.5e-5 7.8e-5 8.1e-5 8.7e-5   6546    1.0
Pg[5] 5.8e-7  6.5e-9 5.4e-7 1.6e-8 1.7e-7 4.1e-7 8.1e-7 2.0e-6   7037    1.0
Pg[6] 5.5e-6  2.8e-8 2.3e-6 1.3e-6 3.9e-6 5.4e-6 7.0e-6 1.0e-5   6434    1.0
Pg[7] 2.7e-6  2.0e-8 1.8e-6 1.6e-7 1.3e-6 2.5e-6 3.9e-6 6.7e-6   7410    1.0
Pg[8] 2.7e-5  2.9e-7 2.4e-5 7.6e-7 9.2e-6 2.1e-5 3.7e-5 8.9e-5   7067    1.0
Pi[1] 2.5e-6  2.2e-8 1.9e-6 1.2e-7 1.1e-6 2.2e-6 3.6e-6 7.0e-6   7123    1.0
Pi[2] 2.7e-5  2.6e-8 2.1e-6 2.3e-5 2.6e-5 2.7e-5 2.9e-5 3.2e-5   6823    1.0
Pi[3] 1.4e-5  3.1e-8 2.3e-6 9.5e-6 1.2e-5 1.4e-5 1.5e-5 1.8e-5   5593    1.0
Pi[4] 6.8e-5  4.2e-8 3.4e-6 6.1e-5 6.5e-5 6.8e-5 7.0e-5 7.5e-5   6650    1.0
Pi[5] 1.2e-5  2.8e-8 2.4e-6 7.7e-6 1.1e-5 1.2e-5 1.4e-5 1.7e-5   6873    1.0
Pi[6] 1.6e-5  2.5e-8 2.1e-6 1.2e-5 1.4e-5 1.6e-5 1.7e-5 2.0e-5   7122    1.0
Pi[7] 5.4e-6  2.1e-8 1.7e-6 2.3e-6 4.3e-6 5.4e-6 6.5e-6 8.9e-6   6395    1.0
Pi[8] 3.9e-5  1.8e-7 1.3e-5 1.6e-5 2.9e-5 3.7e-5 4.7e-5 6.9e-5   5756    1.0
lr      8.55  9.9e-3   0.76   7.31   8.01   8.46   8.99  10.25   5828    1.0
lg      6.12  4.2e-3   0.34   5.52   5.88    6.1   6.34   6.85   6556    1.0
li      9.64  9.7e-3   0.75   8.33    9.1   9.58  10.11  11.27   6107    1.0
mu      0.99  8.4e-5 7.1e-3   0.97   0.99   0.99    1.0    1.0   7235    1.0
dt     17.37  4.2e-3   0.33  16.73  17.14  17.36  17.59  18.01   6441    1.0
lp__  933.86    0.06   4.29 924.21 931.24 934.28 936.93 941.11   5586    1.0

None
N Space = 1.00, dt_max = 30 days
nspace mu_expec dt_expec mu_pos dt_pos chi_r chi_g chi_i
1.00  0.45  50.03  0.99  17.36  61.40  151.45   34.19
        mean se_mean     sd   2.5%    25%    50%    75%  97.5%  n_eff   Rhat
Pr[1] 4.1e-6  3.8e-8 3.1e-6 1.7e-7 1.7e-6 3.5e-6 6.0e-6 1.2e-5   6610    1.0
Pr[2] 4.1e-5  4.4e-8 3.6e-6 3.4e-5 3.9e-5 4.1e-5 4.3e-5 4.8e-5   6885    1.0
Pr[3] 1.5e-5  4.5e-8 3.6e-6 8.7e-6 1.3e-5 1.5e-5 1.8e-5 2.3e-5   6475    1.0
Pr[4] 1.0e-4  7.8e-8 6.3e-6 9.0e-5 9.7e-5 1.0e-4 1.1e-4 1.1e-4   6577    1.0
Pr[5] 1.4e-6  1.6e-8 1.3e-6 3.7e-8 4.5e-7 1.1e-6 2.0e-6 4.9e-6   7144    1.0
Pr[6] 1.1e-5  3.7e-8 3.0e-6 4.7e-6 8.7e-6 1.1e-5 1.3e-5 1.7e-5   6625    1.0
Pr[7] 6.9e-6  3.3e-8 2.6e-6 1.9e-6 5.1e-6 6.9e-6 8.6e-6 1.2e-5   6042    1.0
Pr[8] 3.5e-5  2.5e-7 2.0e-5 3.4e-6 2.0e-5 3.3e-5 4.7e-5 8.2e-5   6765    1.0
Pg[1] 1.9e-6  2.0e-8 1.6e-6 5.7e-8 6.5e-7 1.5e-6 2.8e-6 6.1e-6   7107    1.0
Pg[2] 3.3e-5  3.1e-8 2.6e-6 2.8e-5 3.2e-5 3.3e-5 3.5e-5 3.8e-5   6977    1.0
Pg[3] 1.8e-5  3.5e-8 2.9e-6 1.3e-5 1.6e-5 1.8e-5 2.0e-5 2.4e-5   6657    1.0
Pg[4] 7.8e-5  6.0e-8 4.8e-6 6.9e-5 7.4e-5 7.8e-5 8.1e-5 8.7e-5   6454    1.0
Pg[5] 6.0e-7  6.9e-9 5.7e-7 1.5e-8 1.8e-7 4.3e-7 8.3e-7 2.2e-6   6832    1.0
Pg[6] 5.5e-6  2.9e-8 2.3e-6 1.1e-6 3.8e-6 5.5e-6 7.0e-6 1.0e-5   6287    1.0
Pg[7] 2.7e-6  2.1e-8 1.7e-6 1.8e-7 1.4e-6 2.5e-6 3.8e-6 6.5e-6   6554    1.0
Pg[8] 2.7e-5  2.9e-7 2.4e-5 9.4e-7 9.3e-6 2.1e-5 3.7e-5 8.9e-5   7098    1.0
Pi[1] 2.5e-6  2.2e-8 1.9e-6 1.0e-7 9.8e-7 2.1e-6 3.6e-6 6.9e-6   7168    1.0
Pi[2] 2.7e-5  2.6e-8 2.1e-6 2.3e-5 2.6e-5 2.7e-5 2.9e-5 3.2e-5   6580    1.0
Pi[3] 1.4e-5  2.9e-8 2.3e-6 9.3e-6 1.2e-5 1.4e-5 1.5e-5 1.8e-5   6412    1.0
Pi[4] 6.8e-5  4.3e-8 3.4e-6 6.1e-5 6.5e-5 6.8e-5 7.0e-5 7.5e-5   6401    1.0
Pi[5] 1.2e-5  3.0e-8 2.4e-6 7.6e-6 1.1e-5 1.2e-5 1.4e-5 1.7e-5   6217    1.0
Pi[6] 1.6e-5  2.5e-8 2.1e-6 1.2e-5 1.4e-5 1.6e-5 1.7e-5 2.0e-5   7195    1.0
Pi[7] 5.5e-6  2.1e-8 1.7e-6 2.2e-6 4.3e-6 5.4e-6 6.6e-6 8.9e-6   6624    1.0
Pi[8] 3.9e-5  1.7e-7 1.4e-5 1.5e-5 2.9e-5 3.8e-5 4.7e-5 6.8e-5   6062    1.0
lr      8.52  9.5e-3   0.74    7.3   8.01   8.43   8.96  10.23   6201    1.0
lg      6.12  4.3e-3   0.34   5.52   5.89   6.11   6.33   6.83   6075    1.0
li      9.62  9.8e-3   0.75   8.29    9.1   9.56  10.08  11.25   5901    1.0
mu      0.99  8.5e-5 7.2e-3   0.97   0.99   0.99    1.0    1.0   7069    1.0
dt     17.36  4.0e-3   0.33  16.71  17.14  17.36  17.58   18.0   6913    1.0
lp__   933.8    0.06   4.25 924.41 931.22 934.16 936.81 941.08   5082    1.0

None
N Space = 3.00, dt_max = 30 days
nspace mu_expec dt_expec mu_pos dt_pos chi_r chi_g chi_i
3.00  0.45  50.03  0.99  17.36  61.36  151.41   34.23
        mean se_mean     sd   2.5%    25%    50%    75%  97.5%  n_eff   Rhat
Pr[1] 4.1e-6  3.7e-8 3.1e-6 1.9e-7 1.7e-6 3.5e-6 6.0e-6 1.1e-5   6873    1.0
Pr[2] 4.1e-5  4.6e-8 3.7e-6 3.4e-5 3.8e-5 4.1e-5 4.3e-5 4.8e-5   6366    1.0
Pr[3] 1.5e-5  4.5e-8 3.6e-6 8.9e-6 1.3e-5 1.5e-5 1.8e-5 2.3e-5   6507    1.0
Pr[4] 1.0e-4  7.7e-8 6.3e-6 8.9e-5 9.7e-5 1.0e-4 1.1e-4 1.1e-4   6851    1.0
Pr[5] 1.4e-6  1.5e-8 1.3e-6 4.0e-8 4.5e-7 1.1e-6 2.1e-6 4.8e-6   7217    1.0
Pr[6] 1.1e-5  3.6e-8 3.0e-6 4.8e-6 8.7e-6 1.1e-5 1.3e-5 1.7e-5   6890    1.0
Pr[7] 6.9e-6  3.2e-8 2.6e-6 2.0e-6 5.1e-6 6.8e-6 8.5e-6 1.2e-5   6265    1.0
Pr[8] 3.4e-5  2.5e-7 2.0e-5 3.5e-6 2.0e-5 3.2e-5 4.6e-5 8.0e-5   6267    1.0
Pg[1] 2.0e-6  2.0e-8 1.7e-6 5.9e-8 6.5e-7 1.5e-6 2.8e-6 6.3e-6   7665    1.0
Pg[2] 3.3e-5  3.0e-8 2.6e-6 2.8e-5 3.1e-5 3.3e-5 3.5e-5 3.8e-5   7362    1.0
Pg[3] 1.8e-5  3.4e-8 2.9e-6 1.3e-5 1.6e-5 1.8e-5 2.0e-5 2.4e-5   7244    1.0
Pg[4] 7.8e-5  5.9e-8 4.8e-6 6.8e-5 7.4e-5 7.8e-5 8.1e-5 8.7e-5   6478    1.0
Pg[5] 5.8e-7  6.9e-9 5.5e-7 1.5e-8 1.7e-7 4.1e-7 8.0e-7 2.0e-6   6521    1.0
Pg[6] 5.5e-6  2.8e-8 2.3e-6 1.1e-6 3.8e-6 5.4e-6 7.1e-6 1.0e-5   6754    1.0
Pg[7] 2.7e-6  2.2e-8 1.7e-6 1.8e-7 1.4e-6 2.5e-6 3.8e-6 6.4e-6   6128    1.0
Pg[8] 2.7e-5  2.8e-7 2.4e-5 7.9e-7 9.5e-6 2.1e-5 3.8e-5 8.8e-5   7397    1.0
Pi[1] 2.6e-6  2.2e-8 1.9e-6 1.1e-7 1.0e-6 2.2e-6 3.7e-6 7.0e-6   7171    1.0
Pi[2] 2.7e-5  2.6e-8 2.1e-6 2.3e-5 2.6e-5 2.7e-5 2.9e-5 3.2e-5   6667    1.0
Pi[3] 1.4e-5  2.8e-8 2.3e-6 9.3e-6 1.2e-5 1.4e-5 1.5e-5 1.8e-5   6906    1.0
Pi[4] 6.8e-5  4.1e-8 3.4e-6 6.1e-5 6.6e-5 6.8e-5 7.0e-5 7.5e-5   6619    1.0
Pi[5] 1.2e-5  2.8e-8 2.3e-6 7.8e-6 1.1e-5 1.2e-5 1.4e-5 1.7e-5   7249    1.0
Pi[6] 1.6e-5  2.4e-8 2.1e-6 1.1e-5 1.4e-5 1.6e-5 1.7e-5 2.0e-5   7546    1.0
Pi[7] 5.5e-6  2.1e-8 1.7e-6 2.2e-6 4.3e-6 5.4e-6 6.6e-6 8.8e-6   6479    1.0
Pi[8] 3.9e-5  1.6e-7 1.3e-5 1.6e-5 3.0e-5 3.8e-5 4.7e-5 6.7e-5   6321    1.0
lr      8.54  9.7e-3   0.75    7.3   8.01   8.46   8.97  10.24   5940    1.0
lg      6.12  4.3e-3   0.34   5.51   5.89   6.11   6.33   6.83   6418    1.0
li       9.6  9.3e-3   0.74   8.34   9.08   9.54  10.06   11.2   6234    1.0
mu      0.99  8.5e-5 7.2e-3   0.97   0.99   0.99    1.0    1.0   7253    1.0
dt     17.36  3.9e-3   0.32  16.72  17.14  17.36  17.57  17.99   6855    1.0
lp__   933.9    0.06   4.33 924.44 931.21  934.3 937.03 941.18   4653    1.0

None
N Space = 10.00, dt_max = 30 days
nspace mu_expec dt_expec mu_pos dt_pos chi_r chi_g chi_i
10.00  0.45  50.03  0.99  17.36  61.38  151.36   34.22
        mean se_mean     sd   2.5%    25%    50%    75%  97.5%  n_eff   Rhat
Pr[1] 4.1e-6  3.7e-8 3.1e-6 1.5e-7 1.7e-6 3.5e-6 6.0e-6 1.1e-5   6813    1.0
Pr[2] 4.1e-5  4.6e-8 3.6e-6 3.4e-5 3.8e-5 4.1e-5 4.3e-5 4.8e-5   6240    1.0
Pr[3] 1.5e-5  4.7e-8 3.7e-6 8.4e-6 1.3e-5 1.5e-5 1.8e-5 2.3e-5   6273    1.0
Pr[4] 1.0e-4  7.8e-8 6.3e-6 8.9e-5 9.7e-5 1.0e-4 1.1e-4 1.1e-4   6459    1.0
Pr[5] 1.5e-6  1.6e-8 1.3e-6 4.8e-8 4.6e-7 1.1e-6 2.1e-6 4.9e-6   6950    1.0
Pr[6] 1.1e-5  3.6e-8 2.9e-6 4.9e-6 8.7e-6 1.1e-5 1.3e-5 1.6e-5   6684    1.0
Pr[7] 6.9e-6  3.4e-8 2.6e-6 2.0e-6 5.2e-6 6.9e-6 8.6e-6 1.2e-5   5853    1.0
Pr[8] 3.4e-5  2.5e-7 2.0e-5 3.0e-6 2.0e-5 3.2e-5 4.6e-5 8.1e-5   6777    1.0
Pg[1] 1.9e-6  1.9e-8 1.7e-6 5.3e-8 6.4e-7 1.4e-6 2.7e-6 6.1e-6   7389    1.0
Pg[2] 3.3e-5  3.2e-8 2.6e-6 2.8e-5 3.2e-5 3.3e-5 3.5e-5 3.9e-5   6939    1.0
Pg[3] 1.8e-5  3.4e-8 2.9e-6 1.3e-5 1.6e-5 1.8e-5 2.0e-5 2.4e-5   7091    1.0
Pg[4] 7.8e-5  5.8e-8 4.8e-6 6.9e-5 7.4e-5 7.8e-5 8.1e-5 8.7e-5   6753    1.0
Pg[5] 5.7e-7  6.3e-9 5.5e-7 1.6e-8 1.7e-7 4.2e-7 8.0e-7 2.0e-6   7477    1.0
Pg[6] 5.5e-6  2.7e-8 2.3e-6 1.2e-6 3.9e-6 5.5e-6 7.0e-6 1.0e-5   6815    1.0
Pg[7] 2.7e-6  2.1e-8 1.7e-6 1.5e-7 1.3e-6 2.4e-6 3.8e-6 6.3e-6   6605    1.0
Pg[8] 2.7e-5  2.8e-7 2.4e-5 8.3e-7 9.4e-6 2.1e-5 3.8e-5 9.1e-5   7160    1.0
Pi[1] 2.5e-6  2.3e-8 1.9e-6 9.4e-8 1.0e-6 2.1e-6 3.7e-6 7.0e-6   7075    1.0
Pi[2] 2.7e-5  2.6e-8 2.1e-6 2.3e-5 2.6e-5 2.7e-5 2.9e-5 3.2e-5   6928    1.0
Pi[3] 1.4e-5  2.9e-8 2.3e-6 9.4e-6 1.2e-5 1.4e-5 1.5e-5 1.8e-5   6252    1.0
Pi[4] 6.8e-5  4.1e-8 3.4e-6 6.1e-5 6.5e-5 6.8e-5 7.0e-5 7.5e-5   6864    1.0
Pi[5] 1.2e-5  2.9e-8 2.4e-6 7.7e-6 1.1e-5 1.2e-5 1.4e-5 1.7e-5   6788    1.0
Pi[6] 1.6e-5  2.5e-8 2.1e-6 1.2e-5 1.4e-5 1.6e-5 1.7e-5 2.0e-5   7156    1.0
Pi[7] 5.4e-6  2.1e-8 1.7e-6 2.1e-6 4.3e-6 5.4e-6 6.6e-6 8.8e-6   6434    1.0
Pi[8] 3.8e-5  1.6e-7 1.3e-5 1.6e-5 3.0e-5 3.7e-5 4.6e-5 6.6e-5   6733    1.0
lr      8.55  9.7e-3   0.75   7.33   8.01   8.47   9.01  10.26   5945    1.0
lg      6.13  4.3e-3   0.34   5.51   5.88   6.11   6.35   6.84   6223    1.0
li      9.64  9.5e-3   0.75   8.38    9.1   9.57  10.09   11.3   6170    1.0
mu      0.99  8.6e-5 7.4e-3   0.97   0.99   0.99    1.0    1.0   7394    1.0
dt     17.36  4.2e-3   0.32  16.72  17.14  17.36  17.58  17.99   5841    1.0
lp__  933.81    0.06   4.33 924.28 931.22 934.13 936.91 941.21   5075    1.0

None
N Space = 20.00, dt_max = 30 days
nspace mu_expec dt_expec mu_pos dt_pos chi_r chi_g chi_i
20.00  0.45  50.03  0.99  17.37  61.38  151.27   34.20
        mean se_mean     sd   2.5%    25%    50%    75%  97.5%  n_eff   Rhat
Pr[1] 4.1e-6  3.6e-8 3.1e-6 1.6e-7 1.7e-6 3.6e-6 6.0e-6 1.2e-5   7179    1.0
Pr[2] 4.1e-5  4.5e-8 3.6e-6 3.4e-5 3.8e-5 4.1e-5 4.3e-5 4.8e-5   6377    1.0
Pr[3] 1.5e-5  4.7e-8 3.6e-6 8.7e-6 1.3e-5 1.5e-5 1.8e-5 2.3e-5   5994    1.0
Pr[4] 1.0e-4  8.1e-8 6.3e-6 8.9e-5 9.7e-5 1.0e-4 1.1e-4 1.1e-4   6049    1.0
Pr[5] 1.4e-6  1.5e-8 1.3e-6 3.8e-8 4.6e-7 1.1e-6 2.0e-6 4.7e-6   7207    1.0
Pr[6] 1.1e-5  3.6e-8 3.0e-6 4.9e-6 8.8e-6 1.1e-5 1.3e-5 1.6e-5   6821    1.0
Pr[7] 6.9e-6  3.2e-8 2.6e-6 1.8e-6 5.1e-6 6.8e-6 8.6e-6 1.2e-5   6507    1.0
Pr[8] 3.5e-5  2.4e-7 2.0e-5 3.7e-6 2.0e-5 3.2e-5 4.6e-5 7.8e-5   6476    1.0
Pg[1] 1.9e-6  2.0e-8 1.6e-6 6.1e-8 6.6e-7 1.5e-6 2.8e-6 6.1e-6   7085    1.0
Pg[2] 3.3e-5  3.2e-8 2.6e-6 2.8e-5 3.1e-5 3.3e-5 3.5e-5 3.8e-5   6558    1.0
Pg[3] 1.8e-5  3.6e-8 2.9e-6 1.3e-5 1.6e-5 1.8e-5 2.0e-5 2.4e-5   6673    1.0
Pg[4] 7.8e-5  5.8e-8 4.7e-6 6.9e-5 7.4e-5 7.8e-5 8.1e-5 8.7e-5   6732    1.0
Pg[5] 5.7e-7  6.3e-9 5.5e-7 1.7e-8 1.7e-7 4.1e-7 7.9e-7 2.1e-6   7519    1.0
Pg[6] 5.5e-6  3.0e-8 2.3e-6 1.1e-6 3.8e-6 5.4e-6 7.0e-6 1.0e-5   6158    1.0
Pg[7] 2.7e-6  2.1e-8 1.7e-6 1.4e-7 1.3e-6 2.4e-6 3.8e-6 6.5e-6   6631    1.0
Pg[8] 2.7e-5  2.8e-7 2.4e-5 8.4e-7 9.3e-6 2.1e-5 3.8e-5 9.1e-5   7327    1.0
Pi[1] 2.5e-6  2.3e-8 1.9e-6 9.2e-8 1.0e-6 2.1e-6 3.6e-6 7.0e-6   6886    1.0
Pi[2] 2.7e-5  2.5e-8 2.1e-6 2.3e-5 2.6e-5 2.7e-5 2.9e-5 3.2e-5   7106    1.0
Pi[3] 1.4e-5  3.0e-8 2.3e-6 9.3e-6 1.2e-5 1.4e-5 1.5e-5 1.8e-5   5617    1.0
Pi[4] 6.8e-5  4.0e-8 3.4e-6 6.1e-5 6.5e-5 6.8e-5 7.0e-5 7.5e-5   7001    1.0
Pi[5] 1.2e-5  2.9e-8 2.4e-6 7.7e-6 1.1e-5 1.2e-5 1.4e-5 1.7e-5   6549    1.0
Pi[6] 1.6e-5  2.8e-8 2.1e-6 1.2e-5 1.4e-5 1.6e-5 1.7e-5 2.0e-5   5957    1.0
Pi[7] 5.4e-6  2.1e-8 1.7e-6 2.1e-6 4.3e-6 5.4e-6 6.5e-6 8.8e-6   6605    1.0
Pi[8] 3.8e-5  1.6e-7 1.3e-5 1.6e-5 3.0e-5 3.7e-5 4.6e-5 6.7e-5   6581    1.0
lr      8.55    0.01   0.75    7.3   8.03   8.47   8.98  10.23   5328    1.0
lg      6.14  4.2e-3   0.34   5.53    5.9   6.12   6.35   6.86   6456    1.0
li      9.63  9.3e-3   0.74   8.39    9.1   9.58  10.09  11.23   6370    1.0
mu      0.99  8.3e-5 7.0e-3   0.97   0.99   0.99    1.0    1.0   7101    1.0
dt     17.37  4.1e-3   0.33  16.72  17.15  17.37   17.6  18.02   6504    1.0
lp__  933.86    0.06   4.21 924.81 931.17 934.22 936.89 940.98   5706    1.0

None
N Space = 30.00, dt_max = 30 days
nspace mu_expec dt_expec mu_pos dt_pos chi_r chi_g chi_i
30.00  0.45  50.03  0.99  17.36  61.39  151.46   34.18
        mean se_mean     sd   2.5%    25%    50%    75%  97.5%  n_eff   Rhat
Pr[1] 4.2e-6  3.7e-8 3.1e-6 1.6e-7 1.7e-6 3.6e-6 6.0e-6 1.1e-5   7027    1.0
Pr[2] 4.1e-5  4.5e-8 3.6e-6 3.4e-5 3.8e-5 4.1e-5 4.3e-5 4.8e-5   6679    1.0
Pr[3] 1.5e-5  4.3e-8 3.6e-6 8.7e-6 1.3e-5 1.5e-5 1.8e-5 2.3e-5   7056    1.0
Pr[4] 1.0e-4  8.1e-8 6.3e-6 8.9e-5 9.7e-5 1.0e-4 1.1e-4 1.1e-4   6137    1.0
Pr[5] 1.5e-6  1.6e-8 1.3e-6 4.6e-8 4.6e-7 1.1e-6 2.1e-6 4.8e-6   7138    1.0
Pr[6] 1.1e-5  3.4e-8 2.9e-6 5.0e-6 8.8e-6 1.1e-5 1.3e-5 1.6e-5   7442    1.0
Pr[7] 6.9e-6  3.1e-8 2.5e-6 2.1e-6 5.1e-6 6.9e-6 8.7e-6 1.2e-5   6806    1.0
Pr[8] 3.5e-5  2.5e-7 2.0e-5 3.5e-6 2.0e-5 3.2e-5 4.7e-5 8.0e-5   6543    1.0
Pg[1] 1.9e-6  2.1e-8 1.7e-6 5.5e-8 6.2e-7 1.5e-6 2.8e-6 6.3e-6   6766    1.0
Pg[2] 3.3e-5  3.1e-8 2.6e-6 2.8e-5 3.2e-5 3.3e-5 3.5e-5 3.9e-5   6828    1.0
Pg[3] 1.8e-5  3.4e-8 2.9e-6 1.3e-5 1.6e-5 1.8e-5 2.0e-5 2.4e-5   7042    1.0
Pg[4] 7.8e-5  6.2e-8 4.8e-6 6.9e-5 7.4e-5 7.8e-5 8.1e-5 8.8e-5   6131    1.0
Pg[5] 5.8e-7  6.8e-9 5.8e-7 1.5e-8 1.7e-7 4.1e-7 8.0e-7 2.2e-6   7402    1.0
Pg[6] 5.5e-6  3.0e-8 2.3e-6 1.1e-6 3.8e-6 5.4e-6 7.0e-6 1.0e-5   6128    1.0
Pg[7] 2.7e-6  2.1e-8 1.7e-6 1.5e-7 1.3e-6 2.5e-6 3.8e-6 6.6e-6   6831    1.0
Pg[8] 2.7e-5  2.9e-7 2.5e-5 8.2e-7 9.3e-6 2.1e-5 3.8e-5 9.1e-5   7049    1.0
Pi[1] 2.5e-6  2.2e-8 1.9e-6 1.0e-7 1.0e-6 2.1e-6 3.6e-6 7.0e-6   7016    1.0
Pi[2] 2.7e-5  2.6e-8 2.1e-6 2.3e-5 2.6e-5 2.7e-5 2.9e-5 3.2e-5   6855    1.0
Pi[3] 1.4e-5  3.0e-8 2.3e-6 9.4e-6 1.2e-5 1.4e-5 1.5e-5 1.8e-5   5879    1.0
Pi[4] 6.8e-5  4.2e-8 3.4e-6 6.1e-5 6.5e-5 6.8e-5 7.0e-5 7.5e-5   6588    1.0
Pi[5] 1.2e-5  2.8e-8 2.4e-6 7.7e-6 1.1e-5 1.2e-5 1.4e-5 1.7e-5   6894    1.0
Pi[6] 1.6e-5  2.5e-8 2.1e-6 1.1e-5 1.4e-5 1.6e-5 1.7e-5 2.0e-5   7307    1.0
Pi[7] 5.4e-6  2.1e-8 1.7e-6 2.2e-6 4.3e-6 5.4e-6 6.6e-6 8.9e-6   6286    1.0
Pi[8] 3.9e-5  1.7e-7 1.3e-5 1.6e-5 2.9e-5 3.8e-5 4.6e-5 6.7e-5   6141    1.0
lr      8.55  9.7e-3   0.75   7.34   8.02   8.46    9.0  10.25   5954    1.0
lg      6.12  4.5e-3   0.34   5.52   5.88    6.1   6.33   6.85   5662    1.0
li      9.63  9.7e-3   0.75   8.32    9.1   9.57  10.09  11.26   6059    1.0
mu      0.99  8.4e-5 7.2e-3   0.97   0.99   0.99    1.0    1.0   7315    1.0
dt     17.36  4.0e-3   0.33   16.7  17.14  17.36  17.57   18.0   6911    1.0
lp__  933.86    0.06   4.23 924.53 931.25 934.22 936.93 941.04   5480    1.0

None
N Space = 60.00, dt_max = 30 days
nspace mu_expec dt_expec mu_pos dt_pos chi_r chi_g chi_i
60.00  0.45  50.03  0.99  17.36  61.35  151.39   34.16
        mean se_mean     sd   2.5%    25%    50%    75%   97.5%  n_eff   Rhat
Pr[1] 4.1e-6  3.7e-8 3.1e-6 1.6e-7 1.7e-6 3.5e-6 5.9e-6  1.1e-5   6791    1.0
Pr[2] 4.1e-5  4.4e-8 3.7e-6 3.4e-5 3.8e-5 4.1e-5 4.3e-5  4.8e-5   7000    1.0
Pr[3] 1.5e-5  4.4e-8 3.6e-6 8.7e-6 1.3e-5 1.5e-5 1.8e-5  2.3e-5   6701    1.0
Pr[4] 1.0e-4  8.1e-8 6.3e-6 8.9e-5 9.7e-5 1.0e-4 1.1e-4  1.1e-4   5972    1.0
Pr[5] 1.4e-6  1.5e-8 1.3e-6 4.2e-8 4.7e-7 1.1e-6 2.0e-6  4.7e-6   7183    1.0
Pr[6] 1.1e-5  3.7e-8 3.0e-6 4.7e-6 8.6e-6 1.1e-5 1.3e-5  1.6e-5   6622    1.0
Pr[7] 6.9e-6  3.1e-8 2.6e-6 2.2e-6 5.2e-6 6.9e-6 8.6e-6  1.2e-5   6735    1.0
Pr[8] 3.5e-5  2.4e-7 2.0e-5 3.5e-6 2.0e-5 3.2e-5 4.6e-5  8.2e-5   6897    1.0
Pg[1] 1.9e-6  2.0e-8 1.7e-6 5.9e-8 6.4e-7 1.5e-6 2.8e-6  6.2e-6   7183    1.0
Pg[2] 3.3e-5  3.2e-8 2.6e-6 2.8e-5 3.1e-5 3.3e-5 3.5e-5  3.9e-5   6591    1.0
Pg[3] 1.8e-5  3.6e-8 2.9e-6 1.3e-5 1.6e-5 1.8e-5 2.0e-5  2.4e-5   6226    1.0
Pg[4] 7.8e-5  6.3e-8 4.7e-6 6.9e-5 7.4e-5 7.7e-5 8.1e-5  8.7e-5   5750    1.0
Pg[5] 6.0e-7  6.8e-9 5.7e-7 1.8e-8 1.8e-7 4.3e-7 8.4e-7  2.2e-6   7064    1.0
Pg[6] 5.4e-6  2.8e-8 2.3e-6 1.1e-6 3.8e-6 5.4e-6 6.9e-6 10.0e-6   6481    1.0
Pg[7] 2.7e-6  2.2e-8 1.7e-6 1.4e-7 1.3e-6 2.5e-6 3.8e-6  6.6e-6   6190    1.0
Pg[8] 2.7e-5  2.7e-7 2.4e-5 9.0e-7 9.1e-6 2.1e-5 3.8e-5  8.7e-5   7488    1.0
Pi[1] 2.5e-6  2.2e-8 1.9e-6 1.1e-7 9.9e-7 2.1e-6 3.6e-6  6.9e-6   7007    1.0
Pi[2] 2.7e-5  2.6e-8 2.1e-6 2.3e-5 2.6e-5 2.7e-5 2.9e-5  3.2e-5   6512    1.0
Pi[3] 1.4e-5  2.8e-8 2.3e-6 9.4e-6 1.2e-5 1.4e-5 1.5e-5  1.8e-5   6827    1.0
Pi[4] 6.8e-5  4.2e-8 3.4e-6 6.1e-5 6.5e-5 6.8e-5 7.0e-5  7.4e-5   6533    1.0
Pi[5] 1.2e-5  2.8e-8 2.4e-6 7.8e-6 1.1e-5 1.2e-5 1.4e-5  1.7e-5   7149    1.0
Pi[6] 1.6e-5  2.5e-8 2.1e-6 1.1e-5 1.4e-5 1.6e-5 1.7e-5  2.0e-5   7028    1.0
Pi[7] 5.4e-6  2.1e-8 1.7e-6 2.2e-6 4.3e-6 5.4e-6 6.6e-6  8.9e-6   6725    1.0
Pi[8] 3.8e-5  1.6e-7 1.3e-5 1.6e-5 3.0e-5 3.7e-5 4.6e-5  6.7e-5   6638    1.0
lr      8.53  9.7e-3   0.74   7.32   8.01   8.45   8.96   10.24   5773    1.0
lg      6.13  4.4e-3   0.34   5.51    5.9   6.11   6.35    6.83   5822    1.0
li      9.63  9.3e-3   0.73   8.33   9.12   9.58  10.08   11.22   6216    1.0
mu      0.99  8.6e-5 7.1e-3   0.97   0.99   0.99    1.0     1.0   6920    1.0
dt     17.36  3.9e-3   0.33  16.72  17.14  17.36  17.58    18.0   6962    1.0
lp__  933.88    0.06   4.29 924.39 931.27  934.
None
