N Space = 0.20, dt_max = 60 days
nspace mu_expec dt_expec mu_pos dt_pos chi_r chi_g chi_i
0.20  0.45  50.03  0.82  18.22  288.57  239.40   140.27
        mean se_mean     sd   2.5%    25%    50%    75%  97.5%  n_eff   Rhat
Pr[1] 1.4e-6  1.6e-8 1.3e-6 4.1e-8 4.4e-7 1.0e-6 2.0e-6 4.8e-6   6944    1.0
Pr[2] 2.8e-5  6.5e-6 1.2e-5 6.6e-7 2.9e-5 3.2e-5 3.5e-5 3.9e-5      3   3.95
Pr[3] 1.0e-4  8.3e-6 1.6e-5 8.4e-5 9.2e-5 9.7e-5 1.0e-4 1.4e-4      3   2.61
Pr[4] 3.4e-5  2.5e-6 6.0e-6 2.0e-5 3.1e-5 3.5e-5 3.8e-5 4.4e-5      6   1.45
Pr[5] 8.7e-6  9.1e-7 3.4e-6 2.9e-6 6.4e-6 8.4e-6 1.1e-5 1.7e-5     14   1.14
Pr[6] 6.8e-6  4.1e-8 3.0e-6 1.3e-6 4.7e-6 6.7e-6 8.8e-6 1.3e-5   5400    1.0
Pr[7] 3.7e-6  3.0e-8 2.4e-6 2.1e-7 1.9e-6 3.4e-6 5.3e-6 9.1e-6   6376    1.0
Pr[8]   0.08    0.02   0.06 5.7e-6   0.02   0.08   0.14   0.19      9   1.24
Pg[1] 3.2e-6  2.4e-8 2.0e-6 2.3e-7 1.6e-6 3.0e-6 4.5e-6 7.5e-6   6998    1.0
Pg[2] 1.2e-5  2.5e-6 4.6e-6 7.2e-7 1.2e-5 1.3e-5 1.5e-5 1.8e-5      4   2.59
Pg[3] 5.6e-5  4.0e-6 7.9e-6 4.6e-5 5.1e-5 5.4e-5 5.9e-5 7.4e-5      4   2.06
Pg[4] 9.1e-6  1.3e-6 3.3e-6 1.7e-6 7.3e-6 9.4e-6 1.1e-5 1.5e-5      6   1.39
Pg[5] 2.8e-6  1.1e-6 2.4e-6 1.3e-7 1.1e-6 2.1e-6 3.6e-6 9.5e-6      5   1.55
Pg[6] 5.6e-6  3.6e-7 2.1e-6 1.2e-6 4.2e-6 5.6e-6 7.0e-6 9.7e-6     35   1.06
Pg[7] 3.3e-6  2.2e-8 1.7e-6 3.9e-7 2.0e-6 3.2e-6 4.4e-6 6.9e-6   6273    1.0
Pg[8]   0.08    0.02   0.06 2.1e-6   0.02   0.08   0.14   0.19      9   1.24
Pi[1] 1.5e-6  1.5e-8 1.2e-6 4.4e-8 5.6e-7 1.2e-6 2.2e-6 4.5e-6   6517    1.0
Pi[2] 2.1e-5  4.2e-6 7.5e-6 1.8e-6 2.1e-5 2.3e-5 2.5e-5 2.8e-5      3    3.4
Pi[3] 6.4e-5  7.7e-6 1.4e-5 5.1e-5 5.5e-5 5.8e-5 6.3e-5 9.7e-5      3   3.44
Pi[4] 3.4e-5  1.1e-6 3.5e-6 2.8e-5 3.1e-5 3.4e-5 3.6e-5 4.2e-5     10    1.2
Pi[5] 1.2e-5  8.9e-7 2.5e-6 7.9e-6 1.0e-5 1.2e-5 1.3e-5 1.8e-5      8   1.26
Pi[6] 1.0e-5  5.1e-7 2.4e-6 6.1e-6 8.7e-6 1.0e-5 1.2e-5 1.6e-5     22   1.09
Pi[7] 7.9e-6  5.0e-7 2.3e-6 4.1e-6 6.4e-6 7.7e-6 9.1e-6 1.3e-5     22   1.09
Pi[8]   0.08    0.02   0.06 2.0e-6   0.02   0.08   0.14   0.19      9   1.24
lr      8.34    0.95   1.71   6.73   7.33   7.72   8.24  12.57      3   3.52
lg     10.36    1.87   3.34   7.39   8.48   9.12   9.98   18.7      3   4.06
li      9.74    0.51   1.06   8.17   9.05   9.51  10.14  12.26      4   1.77
mu      0.82     0.1   0.19   0.39   0.81    0.9   0.95    1.0      3   3.21
dt     18.22    8.61  14.94  10.36  11.26  11.73  12.29  52.39      3  24.55
lp__  905.47   12.42  21.87 887.28 893.92 897.29 900.96 958.13      3   5.38

None
N Space = 0.80, dt_max = 60 days
nspace mu_expec dt_expec mu_pos dt_pos chi_r chi_g chi_i
0.80  0.45  50.03  0.82  18.26  289.24  489.37   163.28
        mean se_mean     sd   2.5%    25%    50%    75%  97.5%  n_eff   Rhat
Pr[1] 1.4e-6  1.6e-8 1.3e-6 4.2e-8 4.4e-7 1.0e-6 2.0e-6 4.8e-6   6760    1.0
Pr[2] 2.8e-5  6.5e-6 1.2e-5 7.7e-7 2.9e-5 3.2e-5 3.5e-5 3.9e-5      3   3.95
Pr[3] 1.0e-4  8.2e-6 1.5e-5 8.4e-5 9.2e-5 9.7e-5 1.0e-4 1.4e-4      3   2.63
Pr[4] 3.4e-5  2.5e-6 6.0e-6 2.0e-5 3.1e-5 3.5e-5 3.8e-5 4.4e-5      6   1.44
Pr[5] 8.7e-6  9.2e-7 3.4e-6 2.8e-6 6.4e-6 8.4e-6 1.1e-5 1.6e-5     13   1.14
Pr[6] 6.8e-6  3.7e-8 3.0e-6 1.2e-6 4.6e-6 6.7e-6 8.8e-6 1.3e-5   6532    1.0
Pr[7] 3.8e-6  3.0e-8 2.4e-6 2.6e-7 2.0e-6 3.5e-6 5.3e-6 9.2e-6   6555    1.0
Pr[8]   0.33    0.09   0.26 6.6e-6   0.08   0.32   0.55   0.77      9   1.24
Pg[1] 3.2e-6  2.4e-8 2.0e-6 2.1e-7 1.6e-6 3.0e-6 4.5e-6 7.6e-6   6690    1.0
Pg[2] 1.2e-5  2.5e-6 4.6e-6 6.8e-7 1.2e-5 1.4e-5 1.5e-5 1.8e-5      3   2.62
Pg[3] 5.6e-5  3.9e-6 7.8e-6 4.6e-5 5.1e-5 5.4e-5 5.9e-5 7.4e-5      4   2.07
Pg[4] 9.2e-6  1.3e-6 3.3e-6 1.7e-6 7.5e-6 9.5e-6 1.1e-5 1.5e-5      6   1.41
Pg[5] 2.8e-6  1.1e-6 2.4e-6 1.5e-7 1.1e-6 2.2e-6 3.6e-6 9.5e-6      5    1.6
Pg[6] 5.6e-6  3.5e-7 2.1e-6 1.4e-6 4.2e-6 5.7e-6 7.1e-6 9.7e-6     36   1.06
Pg[7] 3.3e-6  2.4e-8 1.7e-6 3.7e-7 2.0e-6 3.2e-6 4.4e-6 6.9e-6   5086    1.0
Pg[8]   0.33    0.09   0.26 2.3e-6   0.08   0.31   0.56   0.78      9   1.24
Pi[1] 1.5e-6  1.5e-8 1.3e-6 4.6e-8 5.5e-7 1.2e-6 2.2e-6 4.7e-6   7096    1.0
Pi[2] 2.1e-5  4.2e-6 7.6e-6 1.7e-6 2.1e-5 2.4e-5 2.5e-5 2.9e-5      3   3.42
Pi[3] 6.4e-5  7.7e-6 1.4e-5 5.1e-5 5.5e-5 5.9e-5 6.4e-5 9.8e-5      3   3.51
Pi[4] 3.4e-5  1.1e-6 3.4e-6 2.8e-5 3.2e-5 3.4e-5 3.6e-5 4.2e-5     10    1.2
Pi[5] 1.2e-5  8.6e-7 2.5e-6 7.9e-6 1.0e-5 1.2e-5 1.3e-5 1.8e-5      9   1.24
Pi[6] 1.0e-5  5.0e-7 2.4e-6 6.1e-6 8.8e-6 1.0e-5 1.2e-5 1.6e-5     23   1.08
Pi[7] 7.9e-6  4.7e-7 2.3e-6 4.0e-6 6.4e-6 7.7e-6 9.1e-6 1.3e-5     24   1.09
Pi[8]   0.32    0.09   0.26 2.4e-6   0.07    0.3   0.54   0.77      9   1.23
lr      8.33    0.95   1.71   6.72   7.33   7.71   8.24  12.58      3    3.5
lg     10.32     1.9   3.38   7.41   8.44   9.07   9.83  18.69      3    4.3
li      9.67    0.52   1.06   8.13   8.99   9.45   10.0  12.25      4   1.88
mu      0.82     0.1   0.19   0.39   0.81    0.9   0.95   0.99      3   3.29
dt     18.26    8.61  14.93  10.42   11.3  11.76  12.31  52.43      3  24.96
lp__  909.06   11.63  20.53 891.48 898.12 901.39  905.3 958.49      3   5.05

None
N Space = 0.90, dt_max = 60 days
nspace mu_expec dt_expec mu_pos dt_pos chi_r chi_g chi_i
0.90  0.45  50.03  0.82  18.26  289.51  534.73   169.64
        mean se_mean     sd   2.5%    25%    50%    75%  97.5%  n_eff   Rhat
Pr[1] 1.4e-6  1.5e-8 1.3e-6 3.6e-8 4.3e-7 9.9e-7 2.0e-6 4.9e-6   7505    1.0
Pr[2] 2.8e-5  6.5e-6 1.2e-5 6.4e-7 2.9e-5 3.2e-5 3.5e-5 3.9e-5      3   3.97
Pr[3] 1.0e-4  8.3e-6 1.5e-5 8.4e-5 9.2e-5 9.7e-5 1.0e-4 1.4e-4      3    2.6
Pr[4] 3.4e-5  2.6e-6 6.1e-6 2.0e-5 3.1e-5 3.5e-5 3.8e-5 4.4e-5      6   1.46
Pr[5] 8.7e-6  9.2e-7 3.4e-6 2.7e-6 6.4e-6 8.4e-6 1.1e-5 1.6e-5     14   1.14
Pr[6] 6.8e-6  3.8e-8 3.0e-6 1.2e-6 4.7e-6 6.7e-6 8.8e-6 1.3e-5   6296    1.0
Pr[7] 3.8e-6  3.0e-8 2.4e-6 2.2e-7 2.0e-6 3.5e-6 5.3e-6 9.2e-6   6429    1.0
Pr[8]   0.38     0.1   0.29 5.7e-6   0.09   0.36   0.63   0.87      8   1.24
Pg[1] 3.2e-6  2.5e-8 2.0e-6 1.6e-7 1.6e-6 3.0e-6 4.5e-6 7.6e-6   6374    1.0
Pg[2] 1.2e-5  2.5e-6 4.6e-6 7.6e-7 1.2e-5 1.4e-5 1.5e-5 1.8e-5      3   2.63
Pg[3] 5.6e-5  3.9e-6 7.8e-6 4.6e-5 5.1e-5 5.4e-5 5.9e-5 7.4e-5      4   2.05
Pg[4] 9.2e-6  1.4e-6 3.3e-6 1.7e-6 7.5e-6 9.6e-6 1.1e-5 1.5e-5      6   1.42
Pg[5] 2.8e-6  1.1e-6 2.4e-6 1.4e-7 1.1e-6 2.2e-6 3.7e-6 9.6e-6      5   1.61
Pg[6] 5.6e-6  3.1e-7 2.1e-6 1.5e-6 4.2e-6 5.7e-6 7.0e-6 9.7e-6     46   1.05
Pg[7] 3.3e-6  2.3e-8 1.8e-6 3.1e-7 2.0e-6 3.1e-6 4.4e-6 7.0e-6   5778    1.0
Pg[8]   0.37     0.1   0.28 2.2e-6   0.09   0.35   0.61   0.87      8   1.24
Pi[1] 1.5e-6  1.5e-8 1.2e-6 5.3e-8 5.3e-7 1.2e-6 2.2e-6 4.6e-6   6971    1.0
Pi[2] 2.1e-5  4.2e-6 7.6e-6 1.8e-6 2.1e-5 2.3e-5 2.5e-5 2.9e-5      3   3.44
Pi[3] 6.4e-5  7.7e-6 1.4e-5 5.1e-5 5.5e-5 5.9e-5 6.4e-5 9.7e-5      3   3.51
Pi[4] 3.4e-5  1.0e-6 3.4e-6 2.8e-5 3.2e-5 3.4e-5 3.6e-5 4.2e-5     11   1.18
Pi[5] 1.2e-5  8.9e-7 2.6e-6 7.9e-6 1.0e-5 1.2e-5 1.3e-5 1.8e-5      8   1.25
Pi[6] 1.0e-5  5.5e-7 2.4e-6 6.2e-6 8.8e-6 1.0e-5 1.2e-5 1.6e-5     19    1.1
Pi[7] 7.9e-6  5.0e-7 2.3e-6 3.9e-6 6.4e-6 7.7e-6 9.2e-6 1.4e-5     22   1.09
Pi[8]   0.36     0.1   0.29 2.1e-6   0.08   0.33   0.61   0.87      9   1.23
lr      8.33    0.95   1.72   6.71   7.31    7.7   8.25  12.61      3   3.49
lg      10.3     1.9   3.37   7.41   8.44   9.04   9.81  18.79      3    4.3
li      9.67    0.52   1.06   8.18   8.98   9.43   10.0  12.26      4    1.9
mu      0.82     0.1   0.19    0.4   0.81    0.9   0.95   0.99      3   3.27
dt     18.26    8.61  14.92  10.41  11.32  11.77   12.3  52.43      3  25.01
lp__  909.33   11.54  20.39 891.63 898.49 901.75 905.51 958.28      3   4.98

None
N Space = 1.00, dt_max = 60 days
nspace mu_expec dt_expec mu_pos dt_pos chi_r chi_g chi_i
1.00  0.45  50.03  0.82  18.26  289.80  606.46   174.21
        mean se_mean     sd   2.5%    25%    50%    75%  97.5%  n_eff   Rhat
Pr[1] 1.4e-6  1.5e-8 1.3e-6 3.6e-8 4.4e-7 1.0e-6 2.0e-6 4.7e-6   7293    1.0
Pr[2] 2.8e-5  6.5e-6 1.2e-5 6.4e-7 2.9e-5 3.3e-5 3.5e-5 3.9e-5      3   4.06
Pr[3] 1.0e-4  8.3e-6 1.5e-5 8.5e-5 9.2e-5 9.7e-5 1.0e-4 1.4e-4      3   2.65
Pr[4] 3.4e-5  2.6e-6 6.1e-6 2.0e-5 3.1e-5 3.5e-5 3.8e-5 4.4e-5      5   1.48
Pr[5] 8.8e-6  9.6e-7 3.4e-6 2.8e-6 6.5e-6 8.5e-6 1.1e-5 1.7e-5     12   1.16
Pr[6] 6.8e-6  4.2e-8 3.1e-6 1.1e-6 4.6e-6 6.7e-6 8.8e-6 1.3e-5   5430    1.0
Pr[7] 3.8e-6  2.8e-8 2.4e-6 2.8e-7 1.9e-6 3.5e-6 5.3e-6 9.2e-6   7146    1.0
Pr[8]   0.42    0.11   0.32 6.4e-6    0.1   0.41   0.69   0.97      8   1.25
Pg[1] 3.2e-6  2.5e-8 2.0e-6 2.3e-7 1.7e-6 3.0e-6 4.5e-6 7.7e-6   6213    1.0
Pg[2] 1.2e-5  2.5e-6 4.6e-6 7.8e-7 1.2e-5 1.3e-5 1.5e-5 1.8e-5      3   2.62
Pg[3] 5.6e-5  3.9e-6 7.7e-6 4.7e-5 5.1e-5 5.4e-5 5.9e-5 7.4e-5      4   2.09
Pg[4] 9.2e-6  1.4e-6 3.3e-6 1.8e-6 7.5e-6 9.5e-6 1.1e-5 1.5e-5      6   1.43
Pg[5] 2.8e-6  1.1e-6 2.4e-6 1.2e-7 1.2e-6 2.2e-6 3.6e-6 9.5e-6      5   1.57
Pg[6] 5.6e-6  3.3e-7 2.1e-6 1.3e-6 4.2e-6 5.6e-6 7.0e-6 9.7e-6     40   1.05
Pg[7] 3.3e-6  2.3e-8 1.7e-6 2.8e-7 2.0e-6 3.2e-6 4.4e-6 7.0e-6   5658    1.0
Pg[8]    0.4    0.11   0.32 2.4e-6   0.09   0.37   0.68   0.97      9   1.23
Pi[1] 1.5e-6  1.5e-8 1.2e-6 4.8e-8 5.4e-7 1.2e-6 2.2e-6 4.6e-6   7317    1.0
Pi[2] 2.1e-5  4.2e-6 7.6e-6 1.9e-6 2.2e-5 2.4e-5 2.5e-5 2.9e-5      3   3.49
Pi[3] 6.4e-5  7.7e-6 1.4e-5 5.1e-5 5.6e-5 5.9e-5 6.3e-5 9.7e-5      3   3.54
Pi[4] 3.4e-5  1.1e-6 3.4e-6 2.9e-5 3.2e-5 3.4e-5 3.6e-5 4.2e-5     10   1.19
Pi[5] 1.2e-5  8.5e-7 2.5e-6 7.9e-6 1.0e-5 1.2e-5 1.3e-5 1.8e-5      9   1.24
Pi[6] 1.0e-5  5.2e-7 2.4e-6 6.2e-6 8.7e-6 1.0e-5 1.2e-5 1.6e-5     21   1.09
Pi[7] 7.9e-6  4.6e-7 2.2e-6 4.1e-6 6.5e-6 7.7e-6 9.1e-6 1.3e-5     24   1.08
Pi[8]    0.4    0.11   0.32 2.6e-6   0.08   0.37   0.68   0.97      9   1.22
lr      8.32    0.96   1.72   6.73   7.31    7.7   8.23  12.59      3   3.57
lg     10.31     1.9   3.37   7.44   8.45   9.05   9.79   18.7      3   4.42
li      9.65    0.53   1.06   8.17   8.97   9.42   9.96  12.25      4   1.93
mu      0.82     0.1   0.19    0.4   0.82    0.9   0.95   0.99      3    3.3
dt     18.26     8.6  14.92  10.45  11.33  11.76   12.3  52.44      3  25.15
lp__  909.61   11.51  20.35  891.7 898.75 902.06 906.07 958.39      3   4.92

None
N Space = 3.00, dt_max = 60 days
nspace mu_expec dt_expec mu_pos dt_pos chi_r chi_g chi_i
3.00  0.45  50.03  0.91  11.69  141.02  150.74   84.39
        mean se_mean     sd   2.5%    25%    50%     75%  97.5%  n_eff   Rhat
Pr[1] 1.4e-6  1.6e-8 1.3e-6 3.9e-8 4.3e-7 1.0e-6  2.0e-6 4.7e-6   6811    1.0
Pr[2] 3.3e-5  3.9e-8 3.1e-6 2.8e-5 3.1e-5 3.3e-5  3.6e-5 4.0e-5   6301    1.0
Pr[3] 9.6e-5  8.2e-8 6.3e-6 8.4e-5 9.2e-5 9.6e-5 10.0e-5 1.1e-4   5896    1.0
Pr[4] 3.6e-5  5.3e-8 4.1e-6 2.8e-5 3.3e-5 3.6e-5  3.9e-5 4.5e-5   6052    1.0
Pr[5] 8.0e-6  3.3e-8 2.8e-6 2.7e-6 6.1e-6 8.0e-6  9.8e-6 1.4e-5   6984    1.0
Pr[6] 6.9e-6  3.7e-8 2.9e-6 1.4e-6 4.8e-6 6.8e-6  8.8e-6 1.3e-5   6415    1.0
Pr[7] 3.8e-6  2.8e-8 2.3e-6 2.8e-7 2.0e-6 3.5e-6  5.2e-6 8.8e-6   6631    1.0
Pr[8]   1.48    0.01   0.85   0.07   0.75   1.47     2.2   2.92   6738    1.0
Pg[1] 3.3e-6  2.5e-8 2.0e-6 2.0e-7 1.7e-6 3.1e-6  4.6e-6 7.9e-6   6953    1.0
Pg[2] 1.4e-5  2.3e-8 1.8e-6 1.1e-5 1.3e-5 1.4e-5  1.5e-5 1.8e-5   6283    1.0
Pg[3] 5.4e-5  5.3e-8 4.0e-6 4.7e-5 5.1e-5 5.4e-5  5.7e-5 6.3e-5   5743    1.0
Pg[4] 1.0e-5  2.9e-8 2.4e-6 6.1e-6 8.9e-6 1.0e-5  1.2e-5 1.5e-5   6586    1.0
Pg[5] 2.0e-6  1.6e-8 1.3e-6 9.4e-8 9.7e-7 1.8e-6  2.8e-6 4.9e-6   6646    1.0
Pg[6] 6.0e-6  2.4e-8 1.9e-6 2.3e-6 4.7e-6 6.0e-6  7.3e-6 9.9e-6   6811    1.0
Pg[7] 3.3e-6  2.0e-8 1.7e-6 4.6e-7 2.1e-6 3.2e-6  4.5e-6 6.9e-6   6869    1.0
Pg[8]   1.44    0.01   0.87   0.07   0.66   1.42    2.18   2.92   7051    1.0
Pi[1] 1.5e-6  1.5e-8 1.2e-6 5.2e-8 5.3e-7 1.2e-6  2.2e-6 4.6e-6   7085    1.0
Pi[2] 2.4e-5  2.8e-8 2.1e-6 2.1e-5 2.3e-5 2.4e-5  2.6e-5 2.9e-5   6031    1.0
Pi[3] 5.9e-5  5.6e-8 4.2e-6 5.2e-5 5.6e-5 5.8e-5  6.1e-5 6.8e-5   5647    1.0
Pi[4] 3.4e-5  3.6e-8 2.8e-6 2.9e-5 3.2e-5 3.4e-5  3.6e-5 4.0e-5   6039    1.0
Pi[5] 1.1e-5  2.3e-8 1.9e-6 7.9e-6 1.0e-5 1.1e-5  1.3e-5 1.5e-5   6558    1.0
Pi[6] 1.0e-5  2.4e-8 2.0e-6 6.3e-6 8.7e-6 1.0e-5  1.1e-5 1.4e-5   6759    1.0
Pi[7] 7.6e-6  2.3e-8 1.8e-6 4.0e-6 6.3e-6 7.6e-6  8.8e-6 1.1e-5   6431    1.0
Pi[8]   1.36    0.01   0.86   0.05   0.61    1.3    2.08   2.91   6801    1.0
lr      7.56  6.1e-3   0.47   6.68   7.23   7.53    7.86   8.55   6144    1.0
lg       8.7  8.8e-3   0.68   7.31   8.25   8.72    9.19   9.96   6060    1.0
li       9.1  7.0e-3   0.52   8.04   8.76   9.13    9.46  10.06   5552    1.0
mu      0.91  8.3e-4   0.06   0.76   0.87   0.92    0.96    1.0   5992    1.0
dt     11.69  7.7e-3   0.55  10.57  11.33  11.71   12.07  12.72   5151    1.0
lp__   904.0    0.06   4.23 894.72 901.38 904.3
None
N Space = 10.00, dt_max = 60 days
nspace mu_expec dt_expec mu_pos dt_pos chi_r chi_g chi_i
10.00  0.45  50.03  0.91  11.79  141.80  150.36   84.79
        mean se_mean     sd   2.5%    25%    50%     75%  97.5%  n_eff   Rhat
Pr[1] 1.4e-6  1.5e-8 1.3e-6 4.2e-8 4.5e-7 1.1e-6  2.0e-6 4.8e-6   7239    1.0
Pr[2] 3.4e-5  3.9e-8 3.1e-6 2.8e-5 3.2e-5 3.4e-5  3.6e-5 4.0e-5   6300    1.0
Pr[3] 9.6e-5  8.2e-8 6.2e-6 8.5e-5 9.2e-5 9.6e-5 10.0e-5 1.1e-4   5783    1.0
Pr[4] 3.6e-5  5.2e-8 4.2e-6 2.9e-5 3.4e-5 3.6e-5  3.9e-5 4.5e-5   6475    1.0
Pr[5] 8.0e-6  3.5e-8 2.8e-6 2.5e-6 6.1e-6 7.9e-6  9.9e-6 1.4e-5   6478    1.0
Pr[6] 6.9e-6  3.8e-8 2.9e-6 1.5e-6 4.9e-6 6.9e-6  8.8e-6 1.3e-5   5959    1.0
Pr[7] 3.8e-6  2.8e-8 2.3e-6 2.5e-7 2.0e-6 3.5e-6  5.2e-6 8.8e-6   6834    1.0
Pr[8]   4.98    0.03   2.87   0.24   2.49   4.94    7.45   9.74   7000    1.0
Pg[1] 3.3e-6  2.6e-8 2.0e-6 2.3e-7 1.7e-6 3.1e-6  4.6e-6 7.7e-6   6036    1.0
Pg[2] 1.5e-5  2.3e-8 1.8e-6 1.1e-5 1.3e-5 1.4e-5  1.6e-5 1.8e-5   6488    1.0
Pg[3] 5.5e-5  5.1e-8 3.8e-6 4.8e-5 5.2e-5 5.5e-5  5.7e-5 6.3e-5   5699    1.0
Pg[4] 1.1e-5  2.9e-8 2.4e-6 6.5e-6 9.2e-6 1.1e-5  1.2e-5 1.6e-5   6477    1.0
Pg[5] 2.0e-6  1.6e-8 1.3e-6 1.1e-7 9.7e-7 1.8e-6  2.8e-6 5.0e-6   6827    1.0
Pg[6] 6.2e-6  2.4e-8 2.0e-6 2.4e-6 4.8e-6 6.2e-6  7.5e-6 1.0e-5   6597    1.0
Pg[7] 3.4e-6  2.1e-8 1.7e-6 4.2e-7 2.1e-6 3.3e-6  4.5e-6 6.9e-6   6580    1.0
Pg[8]   4.57    0.04   2.89   0.23   2.01    4.3    7.03    9.7   6467    1.0
Pi[1] 1.5e-6  1.4e-8 1.2e-6 5.6e-8 5.6e-7 1.2e-6  2.2e-6 4.6e-6   7319    1.0
Pi[2] 2.5e-5  2.8e-8 2.1e-6 2.1e-5 2.4e-5 2.5e-5  2.6e-5 2.9e-5   5685    1.0
Pi[3] 6.0e-5  5.5e-8 4.0e-6 5.3e-5 5.7e-5 5.9e-5  6.2e-5 6.8e-5   5361    1.0
Pi[4] 3.4e-5  3.7e-8 2.8e-6 2.9e-5 3.3e-5 3.4e-5  3.6e-5 4.0e-5   5854    1.0
Pi[5] 1.2e-5  2.3e-8 1.9e-6 8.0e-6 1.0e-5 1.2e-5  1.3e-5 1.6e-5   6689    1.0
Pi[6] 1.0e-5  2.4e-8 2.0e-6 6.4e-6 8.9e-6 1.0e-5  1.2e-5 1.4e-5   6772    1.0
Pi[7] 7.7e-6  2.3e-8 1.9e-6 4.2e-6 6.5e-6 7.7e-6  8.9e-6 1.2e-5   6427    1.0
Pi[8]   4.09    0.03   2.87   0.13   1.53   3.63    6.43   9.58   6956    1.0
lr      7.53  5.9e-3   0.47   6.66    7.2   7.51    7.84   8.49   6357    1.0
lg      8.51  7.7e-3   0.62   7.19    8.1   8.55    8.94   9.63   6477    1.0
li      8.91  6.3e-3   0.48   7.92    8.6   8.93    9.23   9.84   5800    1.0
mu      0.91  8.3e-4   0.06   0.77   0.87   0.92    0.96    1.0   5756    1.0
dt     11.79  7.0e-3   0.52  10.68  11.45   11.8   12.14  12.75   5613    1.0
lp__  907.34    0.06   4.27 898.17 904.69 907.6
None
N Space = 20.00, dt_max = 60 days
nspace mu_expec dt_expec mu_pos dt_pos chi_r chi_g chi_i
20.00  0.45  50.03  0.91  11.86  142.47  150.10   85.10
        mean se_mean     sd   2.5%    25%    50%    75%  97.5%  n_eff   Rhat
Pr[1] 1.4e-6  1.5e-8 1.3e-6 3.9e-8 4.6e-7 1.1e-6 2.1e-6 4.9e-6   7372    1.0
Pr[2] 3.4e-5  3.8e-8 3.1e-6 2.8e-5 3.2e-5 3.4e-5 3.6e-5 4.0e-5   6713    1.0
Pr[3] 9.6e-5  7.9e-8 6.3e-6 8.5e-5 9.2e-5 9.6e-5 1.0e-4 1.1e-4   6313    1.0
Pr[4] 3.7e-5  5.1e-8 4.1e-6 2.9e-5 3.4e-5 3.7e-5 3.9e-5 4.5e-5   6646    1.0
Pr[5] 8.0e-6  3.5e-8 2.8e-6 2.8e-6 6.1e-6 8.0e-6 9.9e-6 1.3e-5   6325    1.0
Pr[6] 6.9e-6  3.7e-8 3.0e-6 1.3e-6 4.8e-6 6.9e-6 8.9e-6 1.3e-5   6349    1.0
Pr[7] 3.8e-6  2.8e-8 2.3e-6 2.5e-7 2.0e-6 3.6e-6 5.3e-6 8.9e-6   6907    1.0
Pr[8]  10.01    0.07   5.73   0.54    5.0  10.04   14.9  19.52   7281    1.0
Pg[1] 3.4e-6  2.6e-8 2.1e-6 2.2e-7 1.7e-6 3.1e-6 4.7e-6 8.1e-6   6516    1.0
Pg[2] 1.5e-5  2.3e-8 1.8e-6 1.1e-5 1.3e-5 1.5e-5 1.6e-5 1.8e-5   6633    1.0
Pg[3] 5.5e-5  5.0e-8 3.9e-6 4.9e-5 5.3e-5 5.5e-5 5.8e-5 6.4e-5   6011    1.0
Pg[4] 1.1e-5  2.9e-8 2.4e-6 6.7e-6 9.4e-6 1.1e-5 1.3e-5 1.6e-5   6674    1.0
Pg[5] 2.0e-6  1.7e-8 1.3e-6 1.1e-7 9.7e-7 1.8e-6 2.9e-6 5.1e-6   5888    1.0
Pg[6] 6.3e-6  2.5e-8 2.0e-6 2.4e-6 4.9e-6 6.2e-6 7.6e-6 1.0e-5   6418    1.0
Pg[7] 3.4e-6  2.2e-8 1.7e-6 4.7e-7 2.2e-6 3.3e-6 4.6e-6 7.0e-6   6019    1.0
Pg[8]   8.97    0.07   5.81   0.37   3.86   8.43  13.99   19.3   7130    1.0
Pi[1] 1.6e-6  1.5e-8 1.3e-6 5.1e-8 5.5e-7 1.3e-6 2.2e-6 4.7e-6   7011    1.0
Pi[2] 2.5e-5  2.8e-8 2.2e-6 2.1e-5 2.4e-5 2.5e-5 2.7e-5 3.0e-5   6024    1.0
Pi[3] 6.0e-5  5.6e-8 4.1e-6 5.3e-5 5.7e-5 6.0e-5 6.3e-5 6.9e-5   5425    1.0
Pi[4] 3.5e-5  3.8e-8 2.9e-6 3.0e-5 3.3e-5 3.5e-5 3.7e-5 4.1e-5   5807    1.0
Pi[5] 1.2e-5  2.3e-8 1.9e-6 8.1e-6 1.0e-5 1.2e-5 1.3e-5 1.6e-5   6955    1.0
Pi[6] 1.0e-5  2.5e-8 2.0e-6 6.5e-6 9.0e-6 1.0e-5 1.2e-5 1.4e-5   6557    1.0
Pi[7] 7.8e-6  2.3e-8 1.9e-6 4.3e-6 6.5e-6 7.8e-6 9.1e-6 1.2e-5   6823    1.0
Pi[8]   7.61    0.07   5.74   0.23   2.61   6.31  12.13  19.12   6967    1.0
lr      7.51  5.8e-3   0.47   6.63   7.18   7.49   7.82   8.46   6562    1.0
lg      8.39  7.4e-3   0.58   7.19   8.02   8.43   8.79   9.47   6087    1.0
li      8.79  6.3e-3   0.47   7.85   8.48   8.78   9.09   9.76   5596    1.0
mu      0.91  8.0e-4   0.06   0.77   0.87   0.92   0.96    1.0   5966    1.0
dt     11.86  6.7e-3   0.52  10.79  11.53  11.87  12.21  12.85   5957    1.0
lp__  909.05    0.06   4.27 899.75 906.43 909.43 912.09 916.47   5409    1.0

None
N Space = 30.00, dt_max = 60 days
nspace mu_expec dt_expec mu_pos dt_pos chi_r chi_g chi_i
30.00  0.45  50.03  0.91  11.91  142.83  149.97   85.35
        mean se_mean     sd   2.5%    25%    50%    75%  97.5%  n_eff   Rhat
Pr[1] 1.4e-6  1.5e-8 1.3e-6 4.2e-8 4.5e-7 1.1e-6 2.0e-6 4.9e-6   7592    1.0
Pr[2] 3.4e-5  3.8e-8 3.0e-6 2.8e-5 3.2e-5 3.4e-5 3.6e-5 4.0e-5   6511    1.0
Pr[3] 9.6e-5  7.9e-8 6.1e-6 8.5e-5 9.2e-5 9.6e-5 1.0e-4 1.1e-4   5996    1.0
Pr[4] 3.7e-5  5.1e-8 4.2e-6 2.9e-5 3.4e-5 3.7e-5 4.0e-5 4.5e-5   6677    1.0
Pr[5] 8.1e-6  3.6e-8 2.8e-6 2.6e-6 6.1e-6 8.0e-6 1.0e-5 1.4e-5   6210    1.0
Pr[6] 6.9e-6  3.7e-8 3.0e-6 1.4e-6 4.9e-6 6.8e-6 9.0e-6 1.3e-5   6482    1.0
Pr[7] 3.8e-6  2.8e-8 2.3e-6 2.6e-7 2.0e-6 3.5e-6 5.3e-6 8.8e-6   6571    1.0
Pr[8]  15.21     0.1   8.64   0.79   7.79  15.18   22.7  29.24   7555    1.0
Pg[1] 3.4e-6  2.5e-8 2.1e-6 2.4e-7 1.9e-6 3.2e-6 4.8e-6 8.0e-6   6726    1.0
Pg[2] 1.5e-5  2.3e-8 1.9e-6 1.1e-5 1.3e-5 1.5e-5 1.6e-5 1.9e-5   6253    1.0
Pg[3] 5.6e-5  5.3e-8 3.8e-6 4.9e-5 5.3e-5 5.6e-5 5.8e-5 6.4e-5   5267    1.0
Pg[4] 1.1e-5  2.9e-8 2.4e-6 6.9e-6 9.6e-6 1.1e-5 1.3e-5 1.6e-5   6813    1.0
Pg[5] 2.0e-6  1.7e-8 1.4e-6 1.1e-7 9.2e-7 1.8e-6 2.9e-6 5.1e-6   6568    1.0
Pg[6] 6.3e-6  2.4e-8 2.0e-6 2.4e-6 4.9e-6 6.2e-6 7.6e-6 1.0e-5   6728    1.0
Pg[7] 3.5e-6  2.1e-8 1.7e-6 4.3e-7 2.2e-6 3.4e-6 4.6e-6 7.1e-6   6516    1.0
Pg[8]  13.26     0.1   8.71   0.44    5.5   12.3  20.68  28.87   7102    1.0
Pi[1] 1.6e-6  1.5e-8 1.3e-6 5.6e-8 5.6e-7 1.3e-6 2.3e-6 4.8e-6   6946    1.0
Pi[2] 2.5e-5  2.9e-8 2.2e-6 2.1e-5 2.4e-5 2.5e-5 2.7e-5 3.0e-5   5666    1.0
Pi[3] 6.1e-5  5.6e-8 4.1e-6 5.3e-5 5.8e-5 6.0e-5 6.3e-5 7.0e-5   5451    1.0
Pi[4] 3.5e-5  3.9e-8 2.9e-6 3.0e-5 3.3e-5 3.5e-5 3.7e-5 4.2e-5   5736    1.0
Pi[5] 1.2e-5  2.3e-8 1.9e-6 8.2e-6 1.1e-5 1.2e-5 1.3e-5 1.6e-5   6838    1.0
Pi[6] 1.0e-5  2.4e-8 2.0e-6 6.6e-6 9.1e-6 1.0e-5 1.2e-5 1.5e-5   7051    1.0
Pi[7] 7.9e-6  2.3e-8 1.9e-6 4.1e-6 6.5e-6 7.8e-6 9.1e-6 1.2e-5   6764    1.0
Pi[8]  11.02    0.11   8.61   0.31   3.41   9.06  17.74  28.53   6708    1.0
lr       7.5  5.8e-3   0.47   6.64   7.17   7.48   7.81   8.47   6462    1.0
lg      8.33  7.2e-3   0.57   7.15   7.96   8.37   8.71   9.38   6089    1.0
li       8.7  6.3e-3   0.47   7.74   8.41    8.7   8.99   9.68   5541    1.0
mu      0.91  8.1e-4   0.06   0.77   0.87   0.92   0.96   0.99   5704    1.0
dt     11.91  6.8e-3   0.51  10.87  11.57  11.92  12.25  12.89   5626    1.0
lp__  910.14    0.06   4.22 901.26 907.49 910.47 913.11 917.41   5454    1.0

None
N Space = 60.00, dt_max = 60 days
nspace mu_expec dt_expec mu_pos dt_pos chi_r chi_g chi_i
60.00  0.45  50.03  0.91  11.98  143.49  149.77   85.79
        mean se_mean     sd   2.5%    25%    50%    75%  97.5%  n_eff   Rhat
Pr[1] 1.4e-6  1.6e-8 1.3e-6 4.0e-8 4.4e-7 1.1e-6 2.0e-6 4.9e-6   7096    1.0
Pr[2] 3.4e-5  3.7e-8 3.1e-6 2.8e-5 3.2e-5 3.4e-5 3.6e-5 4.0e-5   6797    1.0
Pr[3] 9.6e-5  7.5e-8 6.1e-6 8.5e-5 9.2e-5 9.6e-5 1.0e-4 1.1e-4   6746    1.0
Pr[4] 3.7e-5  5.2e-8 4.1e-6 2.9e-5 3.4e-5 3.7e-5 4.0e-5 4.5e-5   6367    1.0
Pr[5] 7.9e-6  3.6e-8 2.8e-6 2.2e-6 6.0e-6 7.9e-6 9.8e-6 1.4e-5   6030    1.0
Pr[6] 6.9e-6  3.8e-8 2.9e-6 1.5e-6 4.9e-6 6.9e-6 8.8e-6 1.3e-5   6059    1.0
Pr[7] 3.8e-6  2.9e-8 2.3e-6 2.5e-7 2.0e-6 3.6e-6 5.3e-6 8.8e-6   6365    1.0
Pr[8]  30.05    0.21  17.23   1.55   15.4   29.9  44.91  58.39   7017    1.0
Pg[1] 3.4e-6  2.6e-8 2.1e-6 2.1e-7 1.8e-6 3.2e-6 4.8e-6 8.1e-6   6388    1.0
Pg[2] 1.5e-5  2.2e-8 1.8e-6 1.1e-5 1.4e-5 1.5e-5 1.6e-5 1.9e-5   6841    1.0
Pg[3] 5.6e-5  4.9e-8 3.8e-6 5.0e-5 5.4e-5 5.6e-5 5.9e-5 6.4e-5   5923    1.0
Pg[4] 1.2e-5  2.9e-8 2.4e-6 7.1e-6 9.9e-6 1.2e-5 1.3e-5 1.6e-5   7013    1.0
Pg[5] 2.0e-6  1.6e-8 1.3e-6 9.8e-8 9.8e-7 1.9e-6 2.9e-6 5.1e-6   6677    1.0
Pg[6] 6.4e-6  2.5e-8 2.0e-6 2.5e-6 5.0e-6 6.4e-6 7.7e-6 1.0e-5   6286    1.0
Pg[7] 3.5e-6  2.2e-8 1.8e-6 4.1e-7 2.2e-6 3.4e-6 4.7e-6 7.2e-6   6563    1.0
Pg[8]  26.11    0.21  17.55   0.82  10.31  24.12  41.08  57.99   7049    1.0
Pi[1] 1.6e-6  1.6e-8 1.3e-6 5.5e-8 5.6e-7 1.3e-6 2.3e-6 4.8e-6   7138    1.0
Pi[2] 2.6e-5  2.8e-8 2.1e-6 2.2e-5 2.4e-5 2.6e-5 2.7e-5 3.0e-5   5999    1.0
Pi[3] 6.1e-5  5.5e-8 4.1e-6 5.4e-5 5.8e-5 6.1e-5 6.4e-5 7.0e-5   5576    1.0
Pi[4] 3.6e-5  3.8e-8 2.9e-6 3.0e-5 3.4e-5 3.6e-5 3.8e-5 4.2e-5   6109    1.0
Pi[5] 1.2e-5  2.4e-8 2.0e-6 8.3e-6 1.1e-5 1.2e-5 1.3e-5 1.6e-5   6827    1.0
Pi[6] 1.1e-5  2.5e-8 2.1e-6 6.6e-6 9.2e-6 1.1e-5 1.2e-5 1.5e-5   6533    1.0
Pi[7] 7.9e-6  2.3e-8 1.9e-6 4.3e-6 6.7e-6 7.9e-6 9.2e-6 1.2e-5   6674    1.0
Pi[8]  20.56    0.21   17.1   0.38   5.63   15.7   33.0  57.17   6802    1.0
lr      7.47  5.6e-3   0.46    6.6   7.15   7.45   7.77   8.42   6778    1.0
lg      8.19  6.7e-3   0.53   7.08   7.85   8.22   8.53   9.18   6150    1.0
li      8.58  6.1e-3   0.45   7.72   8.29   8.56   8.85   9.56   5483    1.0
mu      0.91  7.6e-4   0.06   0.77   0.87   0.92   0.96   0.99   6083    1.0
dt     11.98  6.5e-3   0.48  10.99  11.67  11.99  12.31  12.89   5496    1.0
lp__  911.73    0.06   4.29 902.48 908.98 912.06 914.82 919.16   5491    1.0

None
N Space = 0.20, dt_max = 60 days
nspace mu_expec dt_expec mu_pos dt_pos chi_r chi_g chi_i
0.20  0.45  50.03  0.82  18.22  288.57  239.40   140.27
        mean se_mean     sd   2.5%    25%    50%    75%  97.5%  n_eff   Rhat
Pr[1] 1.4e-6  1.6e-8 1.3e-6 4.1e-8 4.4e-7 1.0e-6 2.0e-6 4.8e-6   6944    1.0
Pr[2] 2.8e-5  6.5e-6 1.2e-5 6.6e-7 2.9e-5 3.2e-5 3.5e-5 3.9e-5      3   3.95
Pr[3] 1.0e-4  8.3e-6 1.6e-5 8.4e-5 9.2e-5 9.7e-5 1.0e-4 1.4e-4      3   2.61
Pr[4] 3.4e-5  2.5e-6 6.0e-6 2.0e-5 3.1e-5 3.5e-5 3.8e-5 4.4e-5      6   1.45
Pr[5] 8.7e-6  9.1e-7 3.4e-6 2.9e-6 6.4e-6 8.4e-6 1.1e-5 1.7e-5     14   1.14
Pr[6] 6.8e-6  4.1e-8 3.0e-6 1.3e-6 4.7e-6 6.7e-6 8.8e-6 1.3e-5   5400    1.0
Pr[7] 3.7e-6  3.0e-8 2.4e-6 2.1e-7 1.9e-6 3.4e-6 5.3e-6 9.1e-6   6376    1.0
Pr[8]   0.08    0.02   0.06 5.7e-6   0.02   0.08   0.14   0.19      9   1.24
Pg[1] 3.2e-6  2.4e-8 2.0e-6 2.3e-7 1.6e-6 3.0e-6 4.5e-6 7.5e-6   6998    1.0
Pg[2] 1.2e-5  2.5e-6 4.6e-6 7.2e-7 1.2e-5 1.3e-5 1.5e-5 1.8e-5      4   2.59
Pg[3] 5.6e-5  4.0e-6 7.9e-6 4.6e-5 5.1e-5 5.4e-5 5.9e-5 7.4e-5      4   2.06
Pg[4] 9.1e-6  1.3e-6 3.3e-6 1.7e-6 7.3e-6 9.4e-6 1.1e-5 1.5e-5      6   1.39
Pg[5] 2.8e-6  1.1e-6 2.4e-6 1.3e-7 1.1e-6 2.1e-6 3.6e-6 9.5e-6      5   1.55
Pg[6] 5.6e-6  3.6e-7 2.1e-6 1.2e-6 4.2e-6 5.6e-6 7.0e-6 9.7e-6     35   1.06
Pg[7] 3.3e-6  2.2e-8 1.7e-6 3.9e-7 2.0e-6 3.2e-6 4.4e-6 6.9e-6   6273    1.0
Pg[8]   0.08    0.02   0.06 2.1e-6   0.02   0.08   0.14   0.19      9   1.24
Pi[1] 1.5e-6  1.5e-8 1.2e-6 4.4e-8 5.6e-7 1.2e-6 2.2e-6 4.5e-6   6517    1.0
Pi[2] 2.1e-5  4.2e-6 7.5e-6 1.8e-6 2.1e-5 2.3e-5 2.5e-5 2.8e-5      3    3.4
Pi[3] 6.4e-5  7.7e-6 1.4e-5 5.1e-5 5.5e-5 5.8e-5 6.3e-5 9.7e-5      3   3.44
Pi[4] 3.4e-5  1.1e-6 3.5e-6 2.8e-5 3.1e-5 3.4e-5 3.6e-5 4.2e-5     10    1.2
Pi[5] 1.2e-5  8.9e-7 2.5e-6 7.9e-6 1.0e-5 1.2e-5 1.3e-5 1.8e-5      8   1.26
Pi[6] 1.0e-5  5.1e-7 2.4e-6 6.1e-6 8.7e-6 1.0e-5 1.2e-5 1.6e-5     22   1.09
Pi[7] 7.9e-6  5.0e-7 2.3e-6 4.1e-6 6.4e-6 7.7e-6 9.1e-6 1.3e-5     22   1.09
Pi[8]   0.08    0.02   0.06 2.0e-6   0.02   0.08   0.14   0.19      9   1.24
lr      8.34    0.95   1.71   6.73   7.33   7.72   8.24  12.57      3   3.52
lg     10.36    1.87   3.34   7.39   8.48   9.12   9.98   18.7      3   4.06
li      9.74    0.51   1.06   8.17   9.05   9.51  10.14  12.26      4   1.77
mu      0.82     0.1   0.19   0.39   0.81    0.9   0.95    1.0      3   3.21
dt     18.22    8.61  14.94  10.36  11.26  11.73  12.29  52.39      3  24.55
lp__  905.47   12.42  21.87 887.28 893.92 897.29 900.96 958.13      3   5.38

None
N Space = 0.80, dt_max = 60 days
nspace mu_expec dt_expec mu_pos dt_pos chi_r chi_g chi_i
0.80  0.45  50.03  0.82  18.26  289.24  489.37   163.28
        mean se_mean     sd   2.5%    25%    50%    75%  97.5%  n_eff   Rhat
Pr[1] 1.4e-6  1.6e-8 1.3e-6 4.2e-8 4.4e-7 1.0e-6 2.0e-6 4.8e-6   6760    1.0
Pr[2] 2.8e-5  6.5e-6 1.2e-5 7.7e-7 2.9e-5 3.2e-5 3.5e-5 3.9e-5      3   3.95
Pr[3] 1.0e-4  8.2e-6 1.5e-5 8.4e-5 9.2e-5 9.7e-5 1.0e-4 1.4e-4      3   2.63
Pr[4] 3.4e-5  2.5e-6 6.0e-6 2.0e-5 3.1e-5 3.5e-5 3.8e-5 4.4e-5      6   1.44
Pr[5] 8.7e-6  9.2e-7 3.4e-6 2.8e-6 6.4e-6 8.4e-6 1.1e-5 1.6e-5     13   1.14
Pr[6] 6.8e-6  3.7e-8 3.0e-6 1.2e-6 4.6e-6 6.7e-6 8.8e-6 1.3e-5   6532    1.0
Pr[7] 3.8e-6  3.0e-8 2.4e-6 2.6e-7 2.0e-6 3.5e-6 5.3e-6 9.2e-6   6555    1.0
Pr[8]   0.33    0.09   0.26 6.6e-6   0.08   0.32   0.55   0.77      9   1.24
Pg[1] 3.2e-6  2.4e-8 2.0e-6 2.1e-7 1.6e-6 3.0e-6 4.5e-6 7.6e-6   6690    1.0
Pg[2] 1.2e-5  2.5e-6 4.6e-6 6.8e-7 1.2e-5 1.4e-5 1.5e-5 1.8e-5      3   2.62
Pg[3] 5.6e-5  3.9e-6 7.8e-6 4.6e-5 5.1e-5 5.4e-5 5.9e-5 7.4e-5      4   2.07
Pg[4] 9.2e-6  1.3e-6 3.3e-6 1.7e-6 7.5e-6 9.5e-6 1.1e-5 1.5e-5      6   1.41
Pg[5] 2.8e-6  1.1e-6 2.4e-6 1.5e-7 1.1e-6 2.2e-6 3.6e-6 9.5e-6      5    1.6
Pg[6] 5.6e-6  3.5e-7 2.1e-6 1.4e-6 4.2e-6 5.7e-6 7.1e-6 9.7e-6     36   1.06
Pg[7] 3.3e-6  2.4e-8 1.7e-6 3.7e-7 2.0e-6 3.2e-6 4.4e-6 6.9e-6   5086    1.0
Pg[8]   0.33    0.09   0.26 2.3e-6   0.08   0.31   0.56   0.78      9   1.24
Pi[1] 1.5e-6  1.5e-8 1.3e-6 4.6e-8 5.5e-7 1.2e-6 2.2e-6 4.7e-6   7096    1.0
Pi[2] 2.1e-5  4.2e-6 7.6e-6 1.7e-6 2.1e-5 2.4e-5 2.5e-5 2.9e-5      3   3.42
Pi[3] 6.4e-5  7.7e-6 1.4e-5 5.1e-5 5.5e-5 5.9e-5 6.4e-5 9.8e-5      3   3.51
Pi[4] 3.4e-5  1.1e-6 3.4e-6 2.8e-5 3.2e-5 3.4e-5 3.6e-5 4.2e-5     10    1.2
Pi[5] 1.2e-5  8.6e-7 2.5e-6 7.9e-6 1.0e-5 1.2e-5 1.3e-5 1.8e-5      9   1.24
Pi[6] 1.0e-5  5.0e-7 2.4e-6 6.1e-6 8.8e-6 1.0e-5 1.2e-5 1.6e-5     23   1.08
Pi[7] 7.9e-6  4.7e-7 2.3e-6 4.0e-6 6.4e-6 7.7e-6 9.1e-6 1.3e-5     24   1.09
Pi[8]   0.32    0.09   0.26 2.4e-6   0.07    0.3   0.54   0.77      9   1.23
lr      8.33    0.95   1.71   6.72   7.33   7.71   8.24  12.58      3    3.5
lg     10.32     1.9   3.38   7.41   8.44   9.07   9.83  18.69      3    4.3
li      9.67    0.52   1.06   8.13   8.99   9.45   10.0  12.25      4   1.88
mu      0.82     0.1   0.19   0.39   0.81    0.9   0.95   0.99      3   3.29
dt     18.26    8.61  14.93  10.42   11.3  11.76  12.31  52.43      3  24.96
lp__  909.06   11.63  20.53 891.48 898.12 901.39  905.3 958.49      3   5.05

None
N Space = 0.90, dt_max = 60 days
nspace mu_expec dt_expec mu_pos dt_pos chi_r chi_g chi_i
0.90  0.45  50.03  0.82  18.26  289.51  534.73   169.64
        mean se_mean     sd   2.5%    25%    50%    75%  97.5%  n_eff   Rhat
Pr[1] 1.4e-6  1.5e-8 1.3e-6 3.6e-8 4.3e-7 9.9e-7 2.0e-6 4.9e-6   7505    1.0
Pr[2] 2.8e-5  6.5e-6 1.2e-5 6.4e-7 2.9e-5 3.2e-5 3.5e-5 3.9e-5      3   3.97
Pr[3] 1.0e-4  8.3e-6 1.5e-5 8.4e-5 9.2e-5 9.7e-5 1.0e-4 1.4e-4      3    2.6
Pr[4] 3.4e-5  2.6e-6 6.1e-6 2.0e-5 3.1e-5 3.5e-5 3.8e-5 4.4e-5      6   1.46
Pr[5] 8.7e-6  9.2e-7 3.4e-6 2.7e-6 6.4e-6 8.4e-6 1.1e-5 1.6e-5     14   1.14
Pr[6] 6.8e-6  3.8e-8 3.0e-6 1.2e-6 4.7e-6 6.7e-6 8.8e-6 1.3e-5   6296    1.0
Pr[7] 3.8e-6  3.0e-8 2.4e-6 2.2e-7 2.0e-6 3.5e-6 5.3e-6 9.2e-6   6429    1.0
Pr[8]   0.38     0.1   0.29 5.7e-6   0.09   0.36   0.63   0.87      8   1.24
Pg[1] 3.2e-6  2.5e-8 2.0e-6 1.6e-7 1.6e-6 3.0e-6 4.5e-6 7.6e-6   6374    1.0
Pg[2] 1.2e-5  2.5e-6 4.6e-6 7.6e-7 1.2e-5 1.4e-5 1.5e-5 1.8e-5      3   2.63
Pg[3] 5.6e-5  3.9e-6 7.8e-6 4.6e-5 5.1e-5 5.4e-5 5.9e-5 7.4e-5      4   2.05
Pg[4] 9.2e-6  1.4e-6 3.3e-6 1.7e-6 7.5e-6 9.6e-6 1.1e-5 1.5e-5      6   1.42
Pg[5] 2.8e-6  1.1e-6 2.4e-6 1.4e-7 1.1e-6 2.2e-6 3.7e-6 9.6e-6      5   1.61
Pg[6] 5.6e-6  3.1e-7 2.1e-6 1.5e-6 4.2e-6 5.7e-6 7.0e-6 9.7e-6     46   1.05
Pg[7] 3.3e-6  2.3e-8 1.8e-6 3.1e-7 2.0e-6 3.1e-6 4.4e-6 7.0e-6   5778    1.0
Pg[8]   0.37     0.1   0.28 2.2e-6   0.09   0.35   0.61   0.87      8   1.24
Pi[1] 1.5e-6  1.5e-8 1.2e-6 5.3e-8 5.3e-7 1.2e-6 2.2e-6 4.6e-6   6971    1.0
Pi[2] 2.1e-5  4.2e-6 7.6e-6 1.8e-6 2.1e-5 2.3e-5 2.5e-5 2.9e-5      3   3.44
Pi[3] 6.4e-5  7.7e-6 1.4e-5 5.1e-5 5.5e-5 5.9e-5 6.4e-5 9.7e-5      3   3.51
Pi[4] 3.4e-5  1.0e-6 3.4e-6 2.8e-5 3.2e-5 3.4e-5 3.6e-5 4.2e-5     11   1.18
Pi[5] 1.2e-5  8.9e-7 2.6e-6 7.9e-6 1.0e-5 1.2e-5 1.3e-5 1.8e-5      8   1.25
Pi[6] 1.0e-5  5.5e-7 2.4e-6 6.2e-6 8.8e-6 1.0e-5 1.2e-5 1.6e-5     19    1.1
Pi[7] 7.9e-6  5.0e-7 2.3e-6 3.9e-6 6.4e-6 7.7e-6 9.2e-6 1.4e-5     22   1.09
Pi[8]   0.36     0.1   0.29 2.1e-6   0.08   0.33   0.61   0.87      9   1.23
lr      8.33    0.95   1.72   6.71   7.31    7.7   8.25  12.61      3   3.49
lg      10.3     1.9   3.37   7.41   8.44   9.04   9.81  18.79      3    4.3
li      9.67    0.52   1.06   8.18   8.98   9.43   10.0  12.26      4    1.9
mu      0.82     0.1   0.19    0.4   0.81    0.9   0.95   0.99      3   3.27
dt     18.26    8.61  14.92  10.41  11.32  11.77   12.3  52.43      3  25.01
lp__  909.33   11.54  20.39 891.63 898.49 901.75 905.51 958.28      3   4.98

None
N Space = 1.00, dt_max = 60 days
nspace mu_expec dt_expec mu_pos dt_pos chi_r chi_g chi_i
1.00  0.45  50.03  0.82  18.26  289.80  606.46   174.21
        mean se_mean     sd   2.5%    25%    50%    75%  97.5%  n_eff   Rhat
Pr[1] 1.4e-6  1.5e-8 1.3e-6 3.6e-8 4.4e-7 1.0e-6 2.0e-6 4.7e-6   7293    1.0
Pr[2] 2.8e-5  6.5e-6 1.2e-5 6.4e-7 2.9e-5 3.3e-5 3.5e-5 3.9e-5      3   4.06
Pr[3] 1.0e-4  8.3e-6 1.5e-5 8.5e-5 9.2e-5 9.7e-5 1.0e-4 1.4e-4      3   2.65
Pr[4] 3.4e-5  2.6e-6 6.1e-6 2.0e-5 3.1e-5 3.5e-5 3.8e-5 4.4e-5      5   1.48
Pr[5] 8.8e-6  9.6e-7 3.4e-6 2.8e-6 6.5e-6 8.5e-6 1.1e-5 1.7e-5     12   1.16
Pr[6] 6.8e-6  4.2e-8 3.1e-6 1.1e-6 4.6e-6 6.7e-6 8.8e-6 1.3e-5   5430    1.0
Pr[7] 3.8e-6  2.8e-8 2.4e-6 2.8e-7 1.9e-6 3.5e-6 5.3e-6 9.2e-6   7146    1.0
Pr[8]   0.42    0.11   0.32 6.4e-6    0.1   0.41   0.69   0.97      8   1.25
Pg[1] 3.2e-6  2.5e-8 2.0e-6 2.3e-7 1.7e-6 3.0e-6 4.5e-6 7.7e-6   6213    1.0
Pg[2] 1.2e-5  2.5e-6 4.6e-6 7.8e-7 1.2e-5 1.3e-5 1.5e-5 1.8e-5      3   2.62
Pg[3] 5.6e-5  3.9e-6 7.7e-6 4.7e-5 5.1e-5 5.4e-5 5.9e-5 7.4e-5      4   2.09
Pg[4] 9.2e-6  1.4e-6 3.3e-6 1.8e-6 7.5e-6 9.5e-6 1.1e-5 1.5e-5      6   1.43
Pg[5] 2.8e-6  1.1e-6 2.4e-6 1.2e-7 1.2e-6 2.2e-6 3.6e-6 9.5e-6      5   1.57
Pg[6] 5.6e-6  3.3e-7 2.1e-6 1.3e-6 4.2e-6 5.6e-6 7.0e-6 9.7e-6     40   1.05
Pg[7] 3.3e-6  2.3e-8 1.7e-6 2.8e-7 2.0e-6 3.2e-6 4.4e-6 7.0e-6   5658    1.0
Pg[8]    0.4    0.11   0.32 2.4e-6   0.09   0.37   0.68   0.97      9   1.23
Pi[1] 1.5e-6  1.5e-8 1.2e-6 4.8e-8 5.4e-7 1.2e-6 2.2e-6 4.6e-6   7317    1.0
Pi[2] 2.1e-5  4.2e-6 7.6e-6 1.9e-6 2.2e-5 2.4e-5 2.5e-5 2.9e-5      3   3.49
Pi[3] 6.4e-5  7.7e-6 1.4e-5 5.1e-5 5.6e-5 5.9e-5 6.3e-5 9.7e-5      3   3.54
Pi[4] 3.4e-5  1.1e-6 3.4e-6 2.9e-5 3.2e-5 3.4e-5 3.6e-5 4.2e-5     10   1.19
Pi[5] 1.2e-5  8.5e-7 2.5e-6 7.9e-6 1.0e-5 1.2e-5 1.3e-5 1.8e-5      9   1.24
Pi[6] 1.0e-5  5.2e-7 2.4e-6 6.2e-6 8.7e-6 1.0e-5 1.2e-5 1.6e-5     21   1.09
Pi[7] 7.9e-6  4.6e-7 2.2e-6 4.1e-6 6.5e-6 7.7e-6 9.1e-6 1.3e-5     24   1.08
Pi[8]    0.4    0.11   0.32 2.6e-6   0.08   0.37   0.68   0.97      9   1.22
lr      8.32    0.96   1.72   6.73   7.31    7.7   8.23  12.59      3   3.57
lg     10.31     1.9   3.37   7.44   8.45   9.05   9.79   18.7      3   4.42
li      9.65    0.53   1.06   8.17   8.97   9.42   9.96  12.25      4   1.93
mu      0.82     0.1   0.19    0.4   0.82    0.9   0.95   0.99      3    3.3
dt     18.26     8.6  14.92  10.45  11.33  11.76   12.3  52.44      3  25.15
lp__  909.61   11.51  20.35  891.7 898.75 902.06 906.07 958.39      3   4.92

None
N Space = 3.00, dt_max = 60 days
nspace mu_expec dt_expec mu_pos dt_pos chi_r chi_g chi_i
3.00  0.45  50.03  0.91  11.69  141.02  150.74   84.39
        mean se_mean     sd   2.5%    25%    50%     75%  97.5%  n_eff   Rhat
Pr[1] 1.4e-6  1.6e-8 1.3e-6 3.9e-8 4.3e-7 1.0e-6  2.0e-6 4.7e-6   6811    1.0
Pr[2] 3.3e-5  3.9e-8 3.1e-6 2.8e-5 3.1e-5 3.3e-5  3.6e-5 4.0e-5   6301    1.0
Pr[3] 9.6e-5  8.2e-8 6.3e-6 8.4e-5 9.2e-5 9.6e-5 10.0e-5 1.1e-4   5896    1.0
Pr[4] 3.6e-5  5.3e-8 4.1e-6 2.8e-5 3.3e-5 3.6e-5  3.9e-5 4.5e-5   6052    1.0
Pr[5] 8.0e-6  3.3e-8 2.8e-6 2.7e-6 6.1e-6 8.0e-6  9.8e-6 1.4e-5   6984    1.0
Pr[6] 6.9e-6  3.7e-8 2.9e-6 1.4e-6 4.8e-6 6.8e-6  8.8e-6 1.3e-5   6415    1.0
Pr[7] 3.8e-6  2.8e-8 2.3e-6 2.8e-7 2.0e-6 3.5e-6  5.2e-6 8.8e-6   6631    1.0
Pr[8]   1.48    0.01   0.85   0.07   0.75   1.47     2.2   2.92   6738    1.0
Pg[1] 3.3e-6  2.5e-8 2.0e-6 2.0e-7 1.7e-6 3.1e-6  4.6e-6 7.9e-6   6953    1.0
Pg[2] 1.4e-5  2.3e-8 1.8e-6 1.1e-5 1.3e-5 1.4e-5  1.5e-5 1.8e-5   6283    1.0
Pg[3] 5.4e-5  5.3e-8 4.0e-6 4.7e-5 5.1e-5 5.4e-5  5.7e-5 6.3e-5   5743    1.0
Pg[4] 1.0e-5  2.9e-8 2.4e-6 6.1e-6 8.9e-6 1.0e-5  1.2e-5 1.5e-5   6586    1.0
Pg[5] 2.0e-6  1.6e-8 1.3e-6 9.4e-8 9.7e-7 1.8e-6  2.8e-6 4.9e-6   6646    1.0
Pg[6] 6.0e-6  2.4e-8 1.9e-6 2.3e-6 4.7e-6 6.0e-6  7.3e-6 9.9e-6   6811    1.0
Pg[7] 3.3e-6  2.0e-8 1.7e-6 4.6e-7 2.1e-6 3.2e-6  4.5e-6 6.9e-6   6869    1.0
Pg[8]   1.44    0.01   0.87   0.07   0.66   1.42    2.18   2.92   7051    1.0
Pi[1] 1.5e-6  1.5e-8 1.2e-6 5.2e-8 5.3e-7 1.2e-6  2.2e-6 4.6e-6   7085    1.0
Pi[2] 2.4e-5  2.8e-8 2.1e-6 2.1e-5 2.3e-5 2.4e-5  2.6e-5 2.9e-5   6031    1.0
Pi[3] 5.9e-5  5.6e-8 4.2e-6 5.2e-5 5.6e-5 5.8e-5  6.1e-5 6.8e-5   5647    1.0
Pi[4] 3.4e-5  3.6e-8 2.8e-6 2.9e-5 3.2e-5 3.4e-5  3.6e-5 4.0e-5   6039    1.0
Pi[5] 1.1e-5  2.3e-8 1.9e-6 7.9e-6 1.0e-5 1.1e-5  1.3e-5 1.5e-5   6558    1.0
Pi[6] 1.0e-5  2.4e-8 2.0e-6 6.3e-6 8.7e-6 1.0e-5  1.1e-5 1.4e-5   6759    1.0
Pi[7] 7.6e-6  2.3e-8 1.8e-6 4.0e-6 6.3e-6 7.6e-6  8.8e-6 1.1e-5   6431    1.0
Pi[8]   1.36    0.01   0.86   0.05   0.61    1.3    2.08   2.91   6801    1.0
lr      7.56  6.1e-3   0.47   6.68   7.23   7.53    7.86   8.55   6144    1.0
lg       8.7  8.8e-3   0.68   7.31   8.25   8.72    9.19   9.96   6060    1.0
li       9.1  7.0e-3   0.52   8.04   8.76   9.13    9.46  10.06   5552    1.0
mu      0.91  8.3e-4   0.06   0.76   0.87   0.92    0.96    1.0   5992    1.0
dt     11.69  7.7e-3   0.55  10.57  11.33  11.71   12.07  12.72   5151    1.0
lp__   904.0    0.06   4.23 894.72 901.38 904.3
None
N Space = 10.00, dt_max = 60 days
nspace mu_expec dt_expec mu_pos dt_pos chi_r chi_g chi_i
10.00  0.45  50.03  0.91  11.79  141.80  150.36   84.79
        mean se_mean     sd   2.5%    25%    50%     75%  97.5%  n_eff   Rhat
Pr[1] 1.4e-6  1.5e-8 1.3e-6 4.2e-8 4.5e-7 1.1e-6  2.0e-6 4.8e-6   7239    1.0
Pr[2] 3.4e-5  3.9e-8 3.1e-6 2.8e-5 3.2e-5 3.4e-5  3.6e-5 4.0e-5   6300    1.0
Pr[3] 9.6e-5  8.2e-8 6.2e-6 8.5e-5 9.2e-5 9.6e-5 10.0e-5 1.1e-4   5783    1.0
Pr[4] 3.6e-5  5.2e-8 4.2e-6 2.9e-5 3.4e-5 3.6e-5  3.9e-5 4.5e-5   6475    1.0
Pr[5] 8.0e-6  3.5e-8 2.8e-6 2.5e-6 6.1e-6 7.9e-6  9.9e-6 1.4e-5   6478    1.0
Pr[6] 6.9e-6  3.8e-8 2.9e-6 1.5e-6 4.9e-6 6.9e-6  8.8e-6 1.3e-5   5959    1.0
Pr[7] 3.8e-6  2.8e-8 2.3e-6 2.5e-7 2.0e-6 3.5e-6  5.2e-6 8.8e-6   6834    1.0
Pr[8]   4.98    0.03   2.87   0.24   2.49   4.94    7.45   9.74   7000    1.0
Pg[1] 3.3e-6  2.6e-8 2.0e-6 2.3e-7 1.7e-6 3.1e-6  4.6e-6 7.7e-6   6036    1.0
Pg[2] 1.5e-5  2.3e-8 1.8e-6 1.1e-5 1.3e-5 1.4e-5  1.6e-5 1.8e-5   6488    1.0
Pg[3] 5.5e-5  5.1e-8 3.8e-6 4.8e-5 5.2e-5 5.5e-5  5.7e-5 6.3e-5   5699    1.0
Pg[4] 1.1e-5  2.9e-8 2.4e-6 6.5e-6 9.2e-6 1.1e-5  1.2e-5 1.6e-5   6477    1.0
Pg[5] 2.0e-6  1.6e-8 1.3e-6 1.1e-7 9.7e-7 1.8e-6  2.8e-6 5.0e-6   6827    1.0
Pg[6] 6.2e-6  2.4e-8 2.0e-6 2.4e-6 4.8e-6 6.2e-6  7.5e-6 1.0e-5   6597    1.0
Pg[7] 3.4e-6  2.1e-8 1.7e-6 4.2e-7 2.1e-6 3.3e-6  4.5e-6 6.9e-6   6580    1.0
Pg[8]   4.57    0.04   2.89   0.23   2.01    4.3    7.03    9.7   6467    1.0
Pi[1] 1.5e-6  1.4e-8 1.2e-6 5.6e-8 5.6e-7 1.2e-6  2.2e-6 4.6e-6   7319    1.0
Pi[2] 2.5e-5  2.8e-8 2.1e-6 2.1e-5 2.4e-5 2.5e-5  2.6e-5 2.9e-5   5685    1.0
Pi[3] 6.0e-5  5.5e-8 4.0e-6 5.3e-5 5.7e-5 5.9e-5  6.2e-5 6.8e-5   5361    1.0
Pi[4] 3.4e-5  3.7e-8 2.8e-6 2.9e-5 3.3e-5 3.4e-5  3.6e-5 4.0e-5   5854    1.0
Pi[5] 1.2e-5  2.3e-8 1.9e-6 8.0e-6 1.0e-5 1.2e-5  1.3e-5 1.6e-5   6689    1.0
Pi[6] 1.0e-5  2.4e-8 2.0e-6 6.4e-6 8.9e-6 1.0e-5  1.2e-5 1.4e-5   6772    1.0
Pi[7] 7.7e-6  2.3e-8 1.9e-6 4.2e-6 6.5e-6 7.7e-6  8.9e-6 1.2e-5   6427    1.0
Pi[8]   4.09    0.03   2.87   0.13   1.53   3.63    6.43   9.58   6956    1.0
lr      7.53  5.9e-3   0.47   6.66    7.2   7.51    7.84   8.49   6357    1.0
lg      8.51  7.7e-3   0.62   7.19    8.1   8.55    8.94   9.63   6477    1.0
li      8.91  6.3e-3   0.48   7.92    8.6   8.93    9.23   9.84   5800    1.0
mu      0.91  8.3e-4   0.06   0.77   0.87   0.92    0.96    1.0   5756    1.0
dt     11.79  7.0e-3   0.52  10.68  11.45   11.8   12.14  12.75   5613    1.0
lp__  907.34    0.06   4.27 898.17 904.69 907.6
None
N Space = 20.00, dt_max = 60 days
nspace mu_expec dt_expec mu_pos dt_pos chi_r chi_g chi_i
20.00  0.45  50.03  0.91  11.86  142.47  150.10   85.10
        mean se_mean     sd   2.5%    25%    50%    75%  97.5%  n_eff   Rhat
Pr[1] 1.4e-6  1.5e-8 1.3e-6 3.9e-8 4.6e-7 1.1e-6 2.1e-6 4.9e-6   7372    1.0
Pr[2] 3.4e-5  3.8e-8 3.1e-6 2.8e-5 3.2e-5 3.4e-5 3.6e-5 4.0e-5   6713    1.0
Pr[3] 9.6e-5  7.9e-8 6.3e-6 8.5e-5 9.2e-5 9.6e-5 1.0e-4 1.1e-4   6313    1.0
Pr[4] 3.7e-5  5.1e-8 4.1e-6 2.9e-5 3.4e-5 3.7e-5 3.9e-5 4.5e-5   6646    1.0
Pr[5] 8.0e-6  3.5e-8 2.8e-6 2.8e-6 6.1e-6 8.0e-6 9.9e-6 1.3e-5   6325    1.0
Pr[6] 6.9e-6  3.7e-8 3.0e-6 1.3e-6 4.8e-6 6.9e-6 8.9e-6 1.3e-5   6349    1.0
Pr[7] 3.8e-6  2.8e-8 2.3e-6 2.5e-7 2.0e-6 3.6e-6 5.3e-6 8.9e-6   6907    1.0
Pr[8]  10.01    0.07   5.73   0.54    5.0  10.04   14.9  19.52   7281    1.0
Pg[1] 3.4e-6  2.6e-8 2.1e-6 2.2e-7 1.7e-6 3.1e-6 4.7e-6 8.1e-6   6516    1.0
Pg[2] 1.5e-5  2.3e-8 1.8e-6 1.1e-5 1.3e-5 1.5e-5 1.6e-5 1.8e-5   6633    1.0
Pg[3] 5.5e-5  5.0e-8 3.9e-6 4.9e-5 5.3e-5 5.5e-5 5.8e-5 6.4e-5   6011    1.0
Pg[4] 1.1e-5  2.9e-8 2.4e-6 6.7e-6 9.4e-6 1.1e-5 1.3e-5 1.6e-5   6674    1.0
Pg[5] 2.0e-6  1.7e-8 1.3e-6 1.1e-7 9.7e-7 1.8e-6 2.9e-6 5.1e-6   5888    1.0
Pg[6] 6.3e-6  2.5e-8 2.0e-6 2.4e-6 4.9e-6 6.2e-6 7.6e-6 1.0e-5   6418    1.0
Pg[7] 3.4e-6  2.2e-8 1.7e-6 4.7e-7 2.2e-6 3.3e-6 4.6e-6 7.0e-6   6019    1.0
Pg[8]   8.97    0.07   5.81   0.37   3.86   8.43  13.99   19.3   7130    1.0
Pi[1] 1.6e-6  1.5e-8 1.3e-6 5.1e-8 5.5e-7 1.3e-6 2.2e-6 4.7e-6   7011    1.0
Pi[2] 2.5e-5  2.8e-8 2.2e-6 2.1e-5 2.4e-5 2.5e-5 2.7e-5 3.0e-5   6024    1.0
Pi[3] 6.0e-5  5.6e-8 4.1e-6 5.3e-5 5.7e-5 6.0e-5 6.3e-5 6.9e-5   5425    1.0
Pi[4] 3.5e-5  3.8e-8 2.9e-6 3.0e-5 3.3e-5 3.5e-5 3.7e-5 4.1e-5   5807    1.0
Pi[5] 1.2e-5  2.3e-8 1.9e-6 8.1e-6 1.0e-5 1.2e-5 1.3e-5 1.6e-5   6955    1.0
Pi[6] 1.0e-5  2.5e-8 2.0e-6 6.5e-6 9.0e-6 1.0e-5 1.2e-5 1.4e-5   6557    1.0
Pi[7] 7.8e-6  2.3e-8 1.9e-6 4.3e-6 6.5e-6 7.8e-6 9.1e-6 1.2e-5   6823    1.0
Pi[8]   7.61    0.07   5.74   0.23   2.61   6.31  12.13  19.12   6967    1.0
lr      7.51  5.8e-3   0.47   6.63   7.18   7.49   7.82   8.46   6562    1.0
lg      8.39  7.4e-3   0.58   7.19   8.02   8.43   8.79   9.47   6087    1.0
li      8.79  6.3e-3   0.47   7.85   8.48   8.78   9.09   9.76   5596    1.0
mu      0.91  8.0e-4   0.06   0.77   0.87   0.92   0.96    1.0   5966    1.0
dt     11.86  6.7e-3   0.52  10.79  11.53  11.87  12.21  12.85   5957    1.0
lp__  909.05    0.06   4.27 899.75 906.43 909.43 912.09 916.47   5409    1.0

None
N Space = 30.00, dt_max = 60 days
nspace mu_expec dt_expec mu_pos dt_pos chi_r chi_g chi_i
30.00  0.45  50.03  0.91  11.91  142.83  149.97   85.35
        mean se_mean     sd   2.5%    25%    50%    75%  97.5%  n_eff   Rhat
Pr[1] 1.4e-6  1.5e-8 1.3e-6 4.2e-8 4.5e-7 1.1e-6 2.0e-6 4.9e-6   7592    1.0
Pr[2] 3.4e-5  3.8e-8 3.0e-6 2.8e-5 3.2e-5 3.4e-5 3.6e-5 4.0e-5   6511    1.0
Pr[3] 9.6e-5  7.9e-8 6.1e-6 8.5e-5 9.2e-5 9.6e-5 1.0e-4 1.1e-4   5996    1.0
Pr[4] 3.7e-5  5.1e-8 4.2e-6 2.9e-5 3.4e-5 3.7e-5 4.0e-5 4.5e-5   6677    1.0
Pr[5] 8.1e-6  3.6e-8 2.8e-6 2.6e-6 6.1e-6 8.0e-6 1.0e-5 1.4e-5   6210    1.0
Pr[6] 6.9e-6  3.7e-8 3.0e-6 1.4e-6 4.9e-6 6.8e-6 9.0e-6 1.3e-5   6482    1.0
Pr[7] 3.8e-6  2.8e-8 2.3e-6 2.6e-7 2.0e-6 3.5e-6 5.3e-6 8.8e-6   6571    1.0
Pr[8]  15.21     0.1   8.64   0.79   7.79  15.18   22.7  29.24   7555    1.0
Pg[1] 3.4e-6  2.5e-8 2.1e-6 2.4e-7 1.9e-6 3.2e-6 4.8e-6 8.0e-6   6726    1.0
Pg[2] 1.5e-5  2.3e-8 1.9e-6 1.1e-5 1.3e-5 1.5e-5 1.6e-5 1.9e-5   6253    1.0
Pg[3] 5.6e-5  5.3e-8 3.8e-6 4.9e-5 5.3e-5 5.6e-5 5.8e-5 6.4e-5   5267    1.0
Pg[4] 1.1e-5  2.9e-8 2.4e-6 6.9e-6 9.6e-6 1.1e-5 1.3e-5 1.6e-5   6813    1.0
Pg[5] 2.0e-6  1.7e-8 1.4e-6 1.1e-7 9.2e-7 1.8e-6 2.9e-6 5.1e-6   6568    1.0
Pg[6] 6.3e-6  2.4e-8 2.0e-6 2.4e-6 4.9e-6 6.2e-6 7.6e-6 1.0e-5   6728    1.0
Pg[7] 3.5e-6  2.1e-8 1.7e-6 4.3e-7 2.2e-6 3.4e-6 4.6e-6 7.1e-6   6516    1.0
Pg[8]  13.26     0.1   8.71   0.44    5.5   12.3  20.68  28.87   7102    1.0
Pi[1] 1.6e-6  1.5e-8 1.3e-6 5.6e-8 5.6e-7 1.3e-6 2.3e-6 4.8e-6   6946    1.0
Pi[2] 2.5e-5  2.9e-8 2.2e-6 2.1e-5 2.4e-5 2.5e-5 2.7e-5 3.0e-5   5666    1.0
Pi[3] 6.1e-5  5.6e-8 4.1e-6 5.3e-5 5.8e-5 6.0e-5 6.3e-5 7.0e-5   5451    1.0
Pi[4] 3.5e-5  3.9e-8 2.9e-6 3.0e-5 3.3e-5 3.5e-5 3.7e-5 4.2e-5   5736    1.0
Pi[5] 1.2e-5  2.3e-8 1.9e-6 8.2e-6 1.1e-5 1.2e-5 1.3e-5 1.6e-5   6838    1.0
Pi[6] 1.0e-5  2.4e-8 2.0e-6 6.6e-6 9.1e-6 1.0e-5 1.2e-5 1.5e-5   7051    1.0
Pi[7] 7.9e-6  2.3e-8 1.9e-6 4.1e-6 6.5e-6 7.8e-6 9.1e-6 1.2e-5   6764    1.0
Pi[8]  11.02    0.11   8.61   0.31   3.41   9.06  17.74  28.53   6708    1.0
lr       7.5  5.8e-3   0.47   6.64   7.17   7.48   7.81   8.47   6462    1.0
lg      8.33  7.2e-3   0.57   7.15   7.96   8.37   8.71   9.38   6089    1.0
li       8.7  6.3e-3   0.47   7.74   8.41    8.7   8.99   9.68   5541    1.0
mu      0.91  8.1e-4   0.06   0.77   0.87   0.92   0.96   0.99   5704    1.0
dt     11.91  6.8e-3   0.51  10.87  11.57  11.92  12.25  12.89   5626    1.0
lp__  910.14    0.06   4.22 901.26 907.49 910.47 913.11 917.41   5454    1.0

None
N Space = 60.00, dt_max = 60 days
nspace mu_expec dt_expec mu_pos dt_pos chi_r chi_g chi_i
60.00  0.45  50.03  0.91  11.98  143.49  149.77   85.79
        mean se_mean     sd   2.5%    25%    50%    75%  97.5%  n_eff   Rhat
Pr[1] 1.4e-6  1.6e-8 1.3e-6 4.0e-8 4.4e-7 1.1e-6 2.0e-6 4.9e-6   7096    1.0
Pr[2] 3.4e-5  3.7e-8 3.1e-6 2.8e-5 3.2e-5 3.4e-5 3.6e-5 4.0e-5   6797    1.0
Pr[3] 9.6e-5  7.5e-8 6.1e-6 8.5e-5 9.2e-5 9.6e-5 1.0e-4 1.1e-4   6746    1.0
Pr[4] 3.7e-5  5.2e-8 4.1e-6 2.9e-5 3.4e-5 3.7e-5 4.0e-5 4.5e-5   6367    1.0
Pr[5] 7.9e-6  3.6e-8 2.8e-6 2.2e-6 6.0e-6 7.9e-6 9.8e-6 1.4e-5   6030    1.0
Pr[6] 6.9e-6  3.8e-8 2.9e-6 1.5e-6 4.9e-6 6.9e-6 8.8e-6 1.3e-5   6059    1.0
Pr[7] 3.8e-6  2.9e-8 2.3e-6 2.5e-7 2.0e-6 3.6e-6 5.3e-6 8.8e-6   6365    1.0
Pr[8]  30.05    0.21  17.23   1.55   15.4   29.9  44.91  58.39   7017    1.0
Pg[1] 3.4e-6  2.6e-8 2.1e-6 2.1e-7 1.8e-6 3.2e-6 4.8e-6 8.1e-6   6388    1.0
Pg[2] 1.5e-5  2.2e-8 1.8e-6 1.1e-5 1.4e-5 1.5e-5 1.6e-5 1.9e-5   6841    1.0
Pg[3] 5.6e-5  4.9e-8 3.8e-6 5.0e-5 5.4e-5 5.6e-5 5.9e-5 6.4e-5   5923    1.0
Pg[4] 1.2e-5  2.9e-8 2.4e-6 7.1e-6 9.9e-6 1.2e-5 1.3e-5 1.6e-5   7013    1.0
Pg[5] 2.0e-6  1.6e-8 1.3e-6 9.8e-8 9.8e-7 1.9e-6 2.9e-6 5.1e-6   6677    1.0
Pg[6] 6.4e-6  2.5e-8 2.0e-6 2.5e-6 5.0e-6 6.4e-6 7.7e-6 1.0e-5   6286    1.0
Pg[7] 3.5e-6  2.2e-8 1.8e-6 4.1e-7 2.2e-6 3.4e-6 4.7e-6 7.2e-6   6563    1.0
Pg[8]  26.11    0.21  17.55   0.82  10.31  24.12  41.08  57.99   7049    1.0
Pi[1] 1.6e-6  1.6e-8 1.3e-6 5.5e-8 5.6e-7 1.3e-6 2.3e-6 4.8e-6   7138    1.0
Pi[2] 2.6e-5  2.8e-8 2.1e-6 2.2e-5 2.4e-5 2.6e-5 2.7e-5 3.0e-5   5999    1.0
Pi[3] 6.1e-5  5.5e-8 4.1e-6 5.4e-5 5.8e-5 6.1e-5 6.4e-5 7.0e-5   5576    1.0
Pi[4] 3.6e-5  3.8e-8 2.9e-6 3.0e-5 3.4e-5 3.6e-5 3.8e-5 4.2e-5   6109    1.0
Pi[5] 1.2e-5  2.4e-8 2.0e-6 8.3e-6 1.1e-5 1.2e-5 1.3e-5 1.6e-5   6827    1.0
Pi[6] 1.1e-5  2.5e-8 2.1e-6 6.6e-6 9.2e-6 1.1e-5 1.2e-5 1.5e-5   6533    1.0
Pi[7] 7.9e-6  2.3e-8 1.9e-6 4.3e-6 6.7e-6 7.9e-6 9.2e-6 1.2e-5   6674    1.0
Pi[8]  20.56    0.21   17.1   0.38   5.63   15.7   33.0  57.17   6802    1.0
lr      7.47  5.6e-3   0.46    6.6   7.15   7.45   7.77   8.42   6778    1.0
lg      8.19  6.7e-3   0.53   7.08   7.85   8.22   8.53   9.18   6150    1.0
li      8.58  6.1e-3   0.45   7.72   8.29   8.56   8.85   9.56   5483    1.0
mu      0.91  7.6e-4   0.06   0.77   0.87   0.92   0.96   0.99   6083    1.0
dt     11.98  6.5e-3   0.48  10.99  11.67  11.99  12.31  12.89   5496    1.0
lp__  911.73    0.06   4.29 902.48 908.98 912.06 914.82 919.16   5491    1.0

None
