N Space = 0.20, dt_max = 70 days
nspace mu_expec dt_expec mu_pos dt_pos chi_r chi_g chi_i
0.20  0.45  50.03  0.99  14.22  130.89  162.81   71.87
        mean se_mean     sd   2.5%    25%     50%    75%  97.5%  n_eff   Rhat
Pr[1] 1.5e-6  1.6e-8 1.4e-6 4.9e-8 4.9e-7  1.2e-6 2.2e-6 5.2e-6   7357    1.0
Pr[2] 3.5e-5  3.9e-8 3.1e-6 2.9e-5 3.3e-5  3.5e-5 3.7e-5 4.1e-5   6412    1.0
Pr[3] 1.0e-4  7.8e-8 6.3e-6 9.3e-5 1.0e-4  1.0e-4 1.1e-4 1.2e-4   6583    1.0
Pr[4] 2.5e-5  4.4e-8 3.5e-6 1.8e-5 2.2e-5  2.5e-5 2.7e-5 3.2e-5   6373    1.0
Pr[5] 8.5e-6  3.6e-8 2.9e-6 2.9e-6 6.5e-6  8.5e-6 1.1e-5 1.4e-5   6628    1.0
Pr[6] 6.2e-6  3.7e-8 2.9e-6 9.8e-7 4.1e-6  6.1e-6 8.2e-6 1.2e-5   6418    1.0
Pr[7] 4.8e-6  3.2e-8 2.6e-6 4.4e-7 2.8e-6  4.6e-6 6.5e-6 1.0e-5   6322    1.0
Pr[8]    0.1  6.8e-4   0.06 5.4e-3   0.05     0.1   0.15    0.2   7311    1.0
Pg[1] 3.5e-6  2.8e-8 2.2e-6 2.4e-7 1.8e-6  3.3e-6 5.0e-6 8.6e-6   6462    1.0
Pg[2] 1.5e-5  2.8e-8 2.1e-6 1.1e-5 1.3e-5  1.5e-5 1.6e-5 1.9e-5   5547    1.0
Pg[3] 5.6e-5  7.9e-8 5.5e-6 4.7e-5 5.2e-5  5.6e-5 6.0e-5 6.8e-5   4832    1.0
Pg[4] 4.7e-6  3.0e-8 2.2e-6 8.6e-7 3.1e-6  4.6e-6 6.1e-6 9.4e-6   5592    1.0
Pg[5] 3.0e-6  2.0e-8 1.6e-6 2.9e-7 1.8e-6  2.9e-6 4.2e-6 6.5e-6   6473    1.0
Pg[6] 5.0e-6  2.8e-8 2.1e-6 1.2e-6 3.6e-6  5.0e-6 6.5e-6 9.2e-6   5398    1.0
Pg[7] 3.7e-6  2.3e-8 1.8e-6 5.2e-7 2.4e-6  3.6e-6 4.9e-6 7.5e-6   6058    1.0
Pg[8]    0.1  6.9e-4   0.06 5.3e-3   0.05     0.1   0.15    0.2   7027    1.0
Pi[1] 1.7e-6  1.6e-8 1.4e-6 5.8e-8 6.4e-7  1.4e-6 2.5e-6 5.1e-6   7187    1.0
Pi[2] 2.6e-5  2.8e-8 2.2e-6 2.2e-5 2.5e-5  2.6e-5 2.8e-5 3.1e-5   6423    1.0
Pi[3] 6.6e-5  5.6e-8 4.3e-6 5.7e-5 6.3e-5  6.5e-5 6.8e-5 7.4e-5   5825    1.0
Pi[4] 2.9e-5  3.2e-8 2.6e-6 2.4e-5 2.7e-5  2.9e-5 3.1e-5 3.4e-5   6464    1.0
Pi[5] 1.1e-5  2.5e-8 2.0e-6 7.7e-6 1.0e-5  1.1e-5 1.3e-5 1.6e-5   6549    1.0
Pi[6] 1.0e-5  2.5e-8 2.1e-6 6.1e-6 8.5e-6 10.0e-6 1.1e-5 1.4e-5   7170    1.0
Pi[7] 7.8e-6  2.4e-8 2.0e-6 3.8e-6 6.4e-6  7.8e-6 9.1e-6 1.2e-5   6597    1.0
Pi[8]    0.1  6.8e-4   0.06 5.0e-3   0.05     0.1   0.15   0.19   7153    1.0
lr      7.23  5.6e-3   0.45   6.39   6.92    7.22   7.52   8.16   6559    1.0
lg      8.54    0.01   0.99   6.83   7.81    8.48   9.21  10.57   4845    1.0
li      8.44  7.5e-3   0.57   7.41   8.05    8.41   8.81   9.66   5798    1.0
mu      0.99  1.6e-4   0.01   0.95   0.98    0.99    1.0    1.0   7162    1.0
dt     14.22  4.3e-3   0.33  13.53   14.0   14.22  14.45  14.85   6063    1.0
lp__  898.98    0.06   4.27 889.79 896.23  899.
None
N Space = 0.80, dt_max = 70 days
nspace mu_expec dt_expec mu_pos dt_pos chi_r chi_g chi_i
0.80  0.45  50.03  0.99  14.22  130.92  162.73   71.84
         mean se_mean     sd   2.5%    25%    50%    75%  97.5%  n_eff   Rhat
Pr[1]  1.5e-6  1.7e-8 1.4e-6 4.7e-8 4.9e-7 1.2e-6 2.2e-6 5.3e-6   7005    1.0
Pr[2]  3.5e-5  3.8e-8 3.0e-6 2.9e-5 3.3e-5 3.5e-5 3.7e-5 4.1e-5   6497    1.0
Pr[3]  1.0e-4  8.4e-8 6.4e-6 9.3e-5 1.0e-4 1.0e-4 1.1e-4 1.2e-4   5880    1.0
Pr[4]  2.5e-5  4.4e-8 3.6e-6 1.8e-5 2.2e-5 2.5e-5 2.7e-5 3.2e-5   6606    1.0
Pr[5]  8.4e-6  3.8e-8 3.0e-6 2.6e-6 6.4e-6 8.4e-6 1.0e-5 1.4e-5   6062    1.0
Pr[6]  6.2e-6  3.9e-8 3.0e-6 8.9e-7 4.1e-6 6.1e-6 8.2e-6 1.2e-5   5788    1.0
Pr[7]  4.8e-6  3.3e-8 2.6e-6 4.2e-7 2.7e-6 4.6e-6 6.5e-6 1.0e-5   6498    1.0
Pr[8]     0.4  2.7e-3   0.23   0.02    0.2    0.4    0.6   0.78   7320    1.0
Pg[1]  3.6e-6  2.8e-8 2.2e-6 2.2e-7 1.9e-6 3.3e-6 4.9e-6 8.4e-6   6160    1.0
Pg[2]  1.5e-5  2.6e-8 2.1e-6 1.1e-5 1.3e-5 1.5e-5 1.6e-5 1.9e-5   6176    1.0
Pg[3]  5.6e-5  7.3e-8 5.4e-6 4.7e-5 5.2e-5 5.6e-5 6.0e-5 6.7e-5   5425    1.0
Pg[4]  4.7e-6  2.7e-8 2.1e-6 8.8e-7 3.2e-6 4.6e-6 6.1e-6 9.3e-6   6274    1.0
Pg[5]  3.1e-6  2.1e-8 1.6e-6 3.0e-7 1.8e-6 3.0e-6 4.1e-6 6.5e-6   6051    1.0
Pg[6]  5.0e-6  2.5e-8 2.0e-6 1.3e-6 3.6e-6 4.9e-6 6.3e-6 9.1e-6   6445    1.0
Pg[7]  3.7e-6  2.3e-8 1.8e-6 5.1e-7 2.3e-6 3.6e-6 4.9e-6 7.6e-6   6148    1.0
Pg[8]     0.4  2.7e-3   0.23   0.02    0.2    0.4    0.6   0.78   7159    1.0
Pi[1]  1.7e-6  1.6e-8 1.4e-6 5.9e-8 6.0e-7 1.4e-6 2.4e-6 5.1e-6   7221    1.0
Pi[2]  2.6e-5  2.9e-8 2.2e-6 2.2e-5 2.5e-5 2.6e-5 2.8e-5 3.1e-5   6083    1.0
Pi[3]  6.6e-5  5.6e-8 4.2e-6 5.8e-5 6.3e-5 6.5e-5 6.8e-5 7.4e-5   5660    1.0
Pi[4]  2.9e-5  3.4e-8 2.6e-6 2.4e-5 2.7e-5 2.9e-5 3.1e-5 3.4e-5   6069    1.0
Pi[5]  1.1e-5  2.4e-8 2.0e-6 7.6e-6 1.0e-5 1.1e-5 1.3e-5 1.5e-5   6618    1.0
Pi[6] 10.0e-6  2.5e-8 2.1e-6 5.9e-6 8.6e-6 9.9e-6 1.1e-5 1.4e-5   6767    1.0
Pi[7]  7.8e-6  2.4e-8 2.0e-6 4.0e-6 6.4e-6 7.8e-6 9.1e-6 1.2e-5   6665    1.0
Pi[8]    0.39  2.7e-3   0.23   0.02   0.19   0.39   0.59   0.78   7225    1.0
lr       7.24  5.9e-3   0.45    6.4   6.92   7.22   7.53   8.19   6027    1.0
lg       8.57    0.01   0.97   6.84   7.86   8.51   9.23   10.6   5368    1.0
li       8.43  7.7e-3   0.57   7.39   8.03    8.4   8.82   9.61   5442    1.0
mu       0.99  1.5e-4   0.01   0.95   0.98   0.99    1.0    1.0   7557    1.0
dt      14.22  4.1e-3   0.33  13.54  14.01  14.23  14.45  14.84   6424    1.0
lp__   903.14    0.06   4.31 893.65 900.35  903
None
N Space = 0.90, dt_max = 70 days
nspace mu_expec dt_expec mu_pos dt_pos chi_r chi_g chi_i
0.90  0.45  50.03  0.90  20.75  361.42  265.64   184.55
        mean se_mean     sd   2.5%    25%    50%    75%  97.5%  n_eff   Rhat
Pr[1] 1.5e-6  1.7e-8 1.4e-6 4.8e-8 4.8e-7 1.1e-6 2.1e-6 5.2e-6   6830    1.0
Pr[2] 3.0e-5  6.9e-6 1.2e-5 6.6e-7 3.1e-5 3.4e-5 3.6e-5 4.1e-5      3   4.29
Pr[3] 1.1e-4  2.4e-6 7.2e-6 9.3e-5 1.0e-4 1.1e-4 1.1e-4 1.2e-4      9   1.22
Pr[4] 2.3e-5  1.7e-6 4.5e-6 1.4e-5 2.1e-5 2.4e-5 2.6e-5 3.2e-5      7    1.3
Pr[5] 9.5e-6  1.4e-6 3.9e-6 2.9e-6 6.8e-6 9.1e-6 1.2e-5 1.9e-5      8   1.28
Pr[6] 5.7e-6  5.9e-7 3.1e-6 4.2e-7 3.3e-6 5.5e-6 7.8e-6 1.2e-5     28   1.07
Pr[7] 4.6e-6  8.4e-8 2.7e-6 3.1e-7 2.5e-6 4.4e-6 6.4e-6 1.0e-5   1029   1.01
Pr[8]   0.37     0.1   0.29 5.4e-6   0.09   0.35   0.63   0.87      9   1.24
Pg[1] 3.5e-6  3.3e-8 2.2e-6 2.1e-7 1.7e-6 3.1e-6 4.9e-6 8.5e-6   4574   1.01
Pg[2] 1.4e-5  1.2e-6 2.9e-6 6.8e-6 1.2e-5 1.4e-5 1.6e-5 1.9e-5      6   1.43
Pg[3] 5.7e-5  1.1e-6 5.5e-6 4.7e-5 5.3e-5 5.7e-5 6.1e-5 6.8e-5     24   1.08
Pg[4] 4.3e-6  5.3e-7 2.3e-6 3.8e-7 2.6e-6 4.2e-6 5.9e-6 9.2e-6     19    1.1
Pg[5] 4.1e-6  1.4e-6 3.0e-6 3.5e-7 2.1e-6 3.4e-6 5.1e-6 1.2e-5      5   1.69
Pg[6] 4.6e-6  5.8e-7 2.2e-6 5.3e-7 3.0e-6 4.6e-6 6.1e-6 9.1e-6     15   1.13
Pg[7] 3.7e-6  2.5e-8 1.9e-6 4.3e-7 2.3e-6 3.6e-6 5.0e-6 7.8e-6   6174    1.0
Pg[8]   0.37     0.1   0.29 2.4e-6   0.09   0.35   0.62   0.87      9   1.24
Pi[1] 1.6e-6  1.6e-8 1.4e-6 5.4e-8 5.8e-7 1.3e-6 2.4e-6 5.0e-6   7333    1.0
Pi[2] 2.3e-5  4.9e-6 8.7e-6 1.3e-6 2.4e-5 2.6e-5 2.8e-5 3.1e-5      3   3.98
Pi[3] 6.9e-5  4.0e-6 7.9e-6 5.8e-5 6.3e-5 6.7e-5 7.1e-5 8.7e-5      4   1.99
Pi[4] 2.9e-5  3.9e-8 2.7e-6 2.4e-5 2.7e-5 2.9e-5 3.1e-5 3.5e-5   4855   1.01
Pi[5] 1.2e-5  8.8e-7 2.6e-6 7.6e-6 1.0e-5 1.2e-5 1.3e-5 1.9e-5      9   1.23
Pi[6] 9.9e-6  2.9e-8 2.2e-6 5.3e-6 8.4e-6 9.9e-6 1.1e-5 1.4e-5   5997   1.01
Pi[7] 7.6e-6  9.7e-8 2.2e-6 2.9e-6 6.2e-6 7.6e-6 9.1e-6 1.2e-5    534   1.02
Pi[8]   0.38     0.1   0.29 3.0e-6   0.08   0.36   0.63   0.88      9   1.24
lr       8.9    2.16   3.79   6.41   6.99   7.33   7.78  18.55      3   6.16
lg     10.98    3.15   5.54   6.85   7.97   8.75   9.85  24.28      3   5.77
li      9.79    1.76   3.14   7.43    8.1   8.55   9.18  18.14      3   4.14
mu       0.9    0.12    0.2   0.42   0.97   0.99   0.99    1.0      3  11.82
dt     20.75    8.44  14.63  13.58  14.04  14.31  14.63  54.33      3  33.29
lp__  897.64    7.49  13.61 864.34 897.68 902.65 905.91 910.58      3   3.26

None
N Space = 1.00, dt_max = 70 days
nspace mu_expec dt_expec mu_pos dt_pos chi_r chi_g chi_i
1.00  0.45  50.03  0.90  20.76  361.12  267.58   184.63
        mean se_mean     sd   2.5%    25%    50%    75%  97.5%  n_eff   Rhat
Pr[1] 1.5e-6  1.7e-8 1.4e-6 4.7e-8 4.8e-7 1.1e-6 2.2e-6 5.2e-6   7051    1.0
Pr[2] 3.0e-5  6.8e-6 1.2e-5 6.1e-7 3.1e-5 3.4e-5 3.6e-5 4.1e-5      3   4.23
Pr[3] 1.1e-4  2.4e-6 7.3e-6 9.3e-5 1.0e-4 1.1e-4 1.1e-4 1.2e-4      9   1.22
Pr[4] 2.3e-5  1.7e-6 4.5e-6 1.3e-5 2.1e-5 2.4e-5 2.6e-5 3.1e-5      7    1.3
Pr[5] 9.5e-6  1.4e-6 3.9e-6 2.8e-6 6.8e-6 9.0e-6 1.2e-5 1.9e-5      8   1.27
Pr[6] 5.8e-6  6.0e-7 3.1e-6 5.2e-7 3.5e-6 5.6e-6 7.8e-6 1.2e-5     26   1.07
Pr[7] 4.7e-6  4.8e-8 2.7e-6 3.6e-7 2.6e-6 4.5e-6 6.5e-6 1.1e-5   3104   1.01
Pr[8]   0.42    0.11   0.32 5.9e-6    0.1    0.4    0.7   0.97      9   1.24
Pg[1] 3.5e-6  3.9e-8 2.2e-6 2.0e-7 1.8e-6 3.2e-6 4.9e-6 8.3e-6   3155   1.01
Pg[2] 1.4e-5  1.2e-6 3.0e-6 6.7e-6 1.2e-5 1.4e-5 1.6e-5 1.9e-5      6    1.4
Pg[3] 5.7e-5  1.1e-6 5.5e-6 4.7e-5 5.3e-5 5.7e-5 6.1e-5 6.8e-5     26   1.08
Pg[4] 4.3e-6  5.4e-7 2.3e-6 4.1e-7 2.6e-6 4.2e-6 5.9e-6 9.2e-6     18    1.1
Pg[5] 4.1e-6  1.4e-6 3.0e-6 3.6e-7 2.0e-6 3.3e-6 5.1e-6 1.2e-5      5   1.68
Pg[6] 4.6e-6  5.7e-7 2.2e-6 4.8e-7 3.0e-6 4.6e-6 6.1e-6 9.1e-6     15   1.13
Pg[7] 3.8e-6  2.4e-8 1.9e-6 4.1e-7 2.3e-6 3.7e-6 5.0e-6 7.9e-6   6536    1.0
Pg[8]   0.42    0.11   0.32 2.1e-6    0.1   0.41    0.7   0.97      8   1.25
Pi[1] 1.7e-6  1.6e-8 1.4e-6 6.2e-8 5.9e-7 1.3e-6 2.4e-6 5.1e-6   7123    1.0
Pi[2] 2.3e-5  4.8e-6 8.6e-6 1.3e-6 2.4e-5 2.6e-5 2.8e-5 3.1e-5      3    3.9
Pi[3] 6.9e-5  4.0e-6 7.9e-6 5.8e-5 6.3e-5 6.7e-5 7.1e-5 8.7e-5      4   1.99
Pi[4] 2.9e-5  3.9e-8 2.7e-6 2.4e-5 2.7e-5 2.9e-5 3.1e-5 3.5e-5   4755   1.01
Pi[5] 1.2e-5  9.1e-7 2.6e-6 7.7e-6 1.0e-5 1.2e-5 1.4e-5 1.8e-5      8   1.25
Pi[6] 9.8e-6  3.8e-8 2.2e-6 5.3e-6 8.4e-6 9.8e-6 1.1e-5 1.4e-5   3481   1.01
Pi[7] 7.6e-6  4.5e-8 2.3e-6 2.8e-6 6.2e-6 7.7e-6 9.1e-6 1.2e-5   2596   1.01
Pi[8]   0.42    0.11   0.32 3.1e-6    0.1   0.41    0.7   0.97      8   1.25
lr      8.88    2.14   3.75   6.43   6.98   7.33   7.81  18.41      3   6.15
lg     10.96    3.14   5.53   6.84   7.96   8.74   9.86  24.26      3   5.76
li      9.78    1.75   3.12   7.43    8.1   8.54    9.2  18.03      3    4.2
mu       0.9    0.12    0.2   0.42   0.97   0.99   0.99    1.0      3  11.93
dt     20.76    8.44  14.62  13.58  14.05  14.32  14.64   54.3      3  33.16
lp__  897.89     7.6  13.77 864.14 898.17 902.94  906.2 910.91      3   3.34

None
N Space = 3.00, dt_max = 70 days
nspace mu_expec dt_expec mu_pos dt_pos chi_r chi_g chi_i
3.00  0.45  50.03  0.99  14.22  130.99  162.73   71.83
         mean se_mean     sd   2.5%    25%     50%    75%  97.5%  n_eff   Rhat
Pr[1]  1.6e-6  1.7e-8 1.4e-6 4.6e-8 4.9e-7  1.2e-6 2.2e-6 5.3e-6   7064    1.0
Pr[2]  3.5e-5  3.7e-8 3.1e-6 2.9e-5 3.3e-5  3.5e-5 3.7e-5 4.1e-5   6817    1.0
Pr[3]  1.1e-4  8.1e-8 6.3e-6 9.3e-5 1.0e-4  1.0e-4 1.1e-4 1.2e-4   6162    1.0
Pr[4]  2.5e-5  4.4e-8 3.5e-6 1.8e-5 2.2e-5  2.5e-5 2.7e-5 3.2e-5   6357    1.0
Pr[5]  8.4e-6  3.6e-8 2.9e-6 2.8e-6 6.4e-6  8.4e-6 1.0e-5 1.4e-5   6582    1.0
Pr[6]  6.2e-6  3.7e-8 2.9e-6 9.4e-7 4.1e-6  6.2e-6 8.2e-6 1.2e-5   6347    1.0
Pr[7]  4.9e-6  3.4e-8 2.7e-6 4.0e-7 2.8e-6  4.7e-6 6.6e-6 1.1e-5   6327    1.0
Pr[8]    1.48    0.01   0.86   0.07   0.73    1.48   2.22   2.93   7181    1.0
Pg[1]  3.6e-6  2.6e-8 2.2e-6 2.6e-7 1.9e-6  3.3e-6 5.0e-6 8.4e-6   6894    1.0
Pg[2]  1.5e-5  2.7e-8 2.1e-6 1.1e-5 1.3e-5  1.5e-5 1.6e-5 1.9e-5   5839    1.0
Pg[3]  5.6e-5  7.4e-8 5.4e-6 4.7e-5 5.2e-5  5.6e-5 6.0e-5 6.8e-5   5307    1.0
Pg[4]  4.7e-6  2.8e-8 2.2e-6 9.2e-7 3.1e-6  4.6e-6 6.1e-6 9.4e-6   5919    1.0
Pg[5]  3.0e-6  2.0e-8 1.6e-6 2.6e-7 1.8e-6  2.9e-6 4.1e-6 6.5e-6   6780    1.0
Pg[6]  5.0e-6  2.7e-8 2.0e-6 1.2e-6 3.6e-6  5.0e-6 6.4e-6 9.2e-6   5816    1.0
Pg[7]  3.7e-6  2.4e-8 1.8e-6 5.4e-7 2.4e-6  3.6e-6 4.9e-6 7.6e-6   6046    1.0
Pg[8]     1.5    0.01   0.87   0.07   0.74    1.49   2.25   2.92   6993    1.0
Pi[1]  1.7e-6  1.6e-8 1.4e-6 5.7e-8 6.1e-7  1.3e-6 2.4e-6 5.2e-6   7134    1.0
Pi[2]  2.6e-5  2.8e-8 2.2e-6 2.2e-5 2.5e-5  2.6e-5 2.8e-5 3.1e-5   6400    1.0
Pi[3]  6.5e-5  5.5e-8 4.2e-6 5.8e-5 6.3e-5  6.5e-5 6.8e-5 7.4e-5   5656    1.0
Pi[4]  2.9e-5  3.4e-8 2.6e-6 2.4e-5 2.7e-5  2.9e-5 3.1e-5 3.4e-5   5997    1.0
Pi[5]  1.1e-5  2.4e-8 2.0e-6 7.7e-6 1.0e-5  1.1e-5 1.3e-5 1.5e-5   6729    1.0
Pi[6] 10.0e-6  2.6e-8 2.1e-6 5.9e-6 8.5e-6 10.0e-6 1.1e-5 1.4e-5   6316    1.0
Pi[7]  7.8e-6  2.4e-8 2.0e-6 3.9e-6 6.5e-6  7.7e-6 9.1e-6 1.2e-5   6909    1.0
Pi[8]     1.5    0.01   0.86   0.08   0.77     1.5   2.24   2.93   7128    1.0
lr       7.22  5.7e-3   0.45   6.37   6.91    7.21    7.5   8.12   6178    1.0
lg       8.53    0.01   0.94    6.8   7.83    8.49   9.18  10.42   5082    1.0
li       8.44  7.9e-3   0.57   7.43   8.04    8.41   8.81   9.62   5155    1.0
mu       0.99  1.6e-4   0.01   0.95   0.98    0.99    1.0    1.0   7208    1.0
dt      14.22  4.2e-3   0.33  13.56  14.01   14.24  14.45  14.84   5959    1.0
lp__   907.13    
None
N Space = 10.00, dt_max = 70 days
nspace mu_expec dt_expec mu_pos dt_pos chi_r chi_g chi_i
10.00  0.45  50.03  0.99  14.23  130.99  162.69   71.87
        mean se_mean     sd   2.5%    25%    50%    75%  97.5%  n_eff   Rhat
Pr[1] 1.6e-6  1.7e-8 1.4e-6 4.1e-8 4.7e-7 1.1e-6 2.2e-6 5.3e-6   6973    1.0
Pr[2] 3.5e-5  3.7e-8 3.1e-6 2.9e-5 3.3e-5 3.5e-5 3.7e-5 4.1e-5   6949    1.0
Pr[3] 1.0e-4  7.9e-8 6.3e-6 9.3e-5 1.0e-4 1.0e-4 1.1e-4 1.2e-4   6409    1.0
Pr[4] 2.5e-5  4.3e-8 3.5e-6 1.8e-5 2.2e-5 2.4e-5 2.7e-5 3.2e-5   6748    1.0
Pr[5] 8.5e-6  3.5e-8 2.9e-6 2.9e-6 6.6e-6 8.5e-6 1.0e-5 1.4e-5   6872    1.0
Pr[6] 6.2e-6  3.8e-8 2.9e-6 9.9e-7 4.1e-6 6.2e-6 8.2e-6 1.2e-5   5843    1.0
Pr[7] 4.7e-6  3.2e-8 2.6e-6 4.6e-7 2.8e-6 4.6e-6 6.5e-6 1.0e-5   6587    1.0
Pr[8]   4.96    0.04   2.89   0.26   2.45   4.94   7.46   9.75   6614    1.0
Pg[1] 3.5e-6  2.7e-8 2.2e-6 2.3e-7 1.8e-6 3.3e-6 5.0e-6 8.3e-6   6648    1.0
Pg[2] 1.5e-5  2.5e-8 2.0e-6 1.1e-5 1.3e-5 1.5e-5 1.6e-5 1.9e-5   6402    1.0
Pg[3] 5.6e-5  7.1e-8 5.3e-6 4.7e-5 5.3e-5 5.6e-5 6.0e-5 6.8e-5   5708    1.0
Pg[4] 4.8e-6  2.9e-8 2.2e-6 9.1e-7 3.2e-6 4.6e-6 6.1e-6 9.4e-6   5789    1.0
Pg[5] 3.0e-6  2.0e-8 1.6e-6 2.8e-7 1.8e-6 2.9e-6 4.1e-6 6.4e-6   6357    1.0
Pg[6] 5.1e-6  2.5e-8 2.0e-6 1.4e-6 3.7e-6 5.0e-6 6.4e-6 9.2e-6   6163    1.0
Pg[7] 3.7e-6  2.3e-8 1.8e-6 5.0e-7 2.4e-6 3.6e-6 4.9e-6 7.7e-6   6484    1.0
Pg[8]   4.93    0.03   2.89   0.24   2.42   4.86   7.47   9.74   7064    1.0
Pi[1] 1.7e-6  1.7e-8 1.4e-6 4.7e-8 6.2e-7 1.4e-6 2.5e-6 5.3e-6   6733    1.0
Pi[2] 2.6e-5  2.8e-8 2.2e-6 2.2e-5 2.5e-5 2.6e-5 2.8e-5 3.1e-5   6211    1.0
Pi[3] 6.6e-5  5.6e-8 4.2e-6 5.8e-5 6.3e-5 6.5e-5 6.8e-5 7.4e-5   5593    1.0
Pi[4] 2.9e-5  3.5e-8 2.7e-6 2.4e-5 2.7e-5 2.9e-5 3.1e-5 3.4e-5   5742    1.0
Pi[5] 1.1e-5  2.6e-8 2.0e-6 7.4e-6 1.0e-5 1.1e-5 1.3e-5 1.6e-5   6276    1.0
Pi[6] 1.0e-5  2.5e-8 2.1e-6 6.0e-6 8.6e-6 9.9e-6 1.1e-5 1.4e-5   7054    1.0
Pi[7] 7.8e-6  2.4e-8 2.0e-6 3.8e-6 6.4e-6 7.8e-6 9.1e-6 1.2e-5   6849    1.0
Pi[8]    5.0    0.03   2.86   0.27   2.54   4.94    7.5   9.75   7365    1.0
lr      7.23  5.7e-3   0.45   6.42   6.92   7.21   7.52   8.18   6342    1.0
lg      8.49    0.01   0.92    6.8   7.81   8.47   9.14  10.28   5617    1.0
li      8.44  7.9e-3   0.57   7.39   8.04   8.41   8.82    9.6   5285    1.0
mu      0.99  1.6e-4   0.01   0.95   0.98   0.99    1.0    1.0   7323    1.0
dt     14.23  4.1e-3   0.32  13.58  14.02  14.24  14.45  14.84   6027    1.0
lp__  910.81    0.06   4.26  901.6 908.21 911.18 913.81 918.13   5136    1.0

None
N Space = 20.00, dt_max = 70 days
nspace mu_expec dt_expec mu_pos dt_pos chi_r chi_g chi_i
20.00  0.45  50.03  0.99  14.23  130.98  162.71   71.86
         mean se_mean     sd   2.5%    25%    50%    75%  97.5%  n_eff   Rhat
Pr[1]  1.5e-6  1.6e-8 1.4e-6 4.4e-8 4.8e-7 1.1e-6 2.2e-6 5.1e-6   7248    1.0
Pr[2]  3.5e-5  3.9e-8 3.1e-6 2.9e-5 3.3e-5 3.5e-5 3.7e-5 4.1e-5   6273    1.0
Pr[3]  1.0e-4  8.2e-8 6.3e-6 9.3e-5 1.0e-4 1.0e-4 1.1e-4 1.2e-4   5930    1.0
Pr[4]  2.5e-5  4.4e-8 3.6e-6 1.8e-5 2.2e-5 2.5e-5 2.7e-5 3.2e-5   6656    1.0
Pr[5]  8.5e-6  3.6e-8 2.9e-6 2.9e-6 6.4e-6 8.5e-6 1.0e-5 1.4e-5   6860    1.0
Pr[6]  6.3e-6  3.6e-8 2.9e-6 1.0e-6 4.2e-6 6.1e-6 8.2e-6 1.2e-5   6673    1.0
Pr[7]  4.8e-6  3.3e-8 2.6e-6 4.6e-7 2.9e-6 4.6e-6 6.6e-6 1.0e-5   6210    1.0
Pr[8]    10.1    0.07   5.76   0.55   5.12  10.11  15.13   19.5   7303    1.0
Pg[1]  3.6e-6  2.8e-8 2.2e-6 2.4e-7 1.9e-6 3.4e-6 5.0e-6 8.7e-6   6072    1.0
Pg[2]  1.5e-5  2.6e-8 2.0e-6 1.1e-5 1.4e-5 1.5e-5 1.6e-5 1.9e-5   5795    1.0
Pg[3]  5.7e-5  7.4e-8 5.2e-6 4.8e-5 5.3e-5 5.6e-5 6.0e-5 6.8e-5   4948    1.0
Pg[4]  4.8e-6  2.9e-8 2.2e-6 9.0e-7 3.2e-6 4.7e-6 6.2e-6 9.4e-6   5477    1.0
Pg[5]  3.0e-6  2.1e-8 1.6e-6 2.5e-7 1.7e-6 2.9e-6 4.1e-6 6.6e-6   6192    1.0
Pg[6]  5.1e-6  2.6e-8 2.0e-6 1.3e-6 3.6e-6 5.0e-6 6.4e-6 9.2e-6   6165    1.0
Pg[7]  3.7e-6  2.6e-8 1.8e-6 5.1e-7 2.4e-6 3.6e-6 4.9e-6 7.6e-6   5202    1.0
Pg[8]    9.75    0.07   5.74   0.49   4.78   9.57  14.75  19.43   7075    1.0
Pi[1]  1.7e-6  1.7e-8 1.4e-6 5.1e-8 6.0e-7 1.4e-6 2.5e-6 5.2e-6   7289    1.0
Pi[2]  2.6e-5  2.8e-8 2.2e-6 2.2e-5 2.5e-5 2.6e-5 2.8e-5 3.1e-5   6195    1.0
Pi[3]  6.6e-5  5.4e-8 4.2e-6 5.8e-5 6.3e-5 6.5e-5 6.8e-5 7.4e-5   6040    1.0
Pi[4]  2.9e-5  3.3e-8 2.6e-6 2.4e-5 2.7e-5 2.9e-5 3.1e-5 3.4e-5   6512    1.0
Pi[5]  1.1e-5  2.5e-8 2.0e-6 7.6e-6 1.0e-5 1.1e-5 1.3e-5 1.6e-5   6674    1.0
Pi[6] 10.0e-6  2.6e-8 2.1e-6 6.0e-6 8.5e-6 9.9e-6 1.1e-5 1.4e-5   6701    1.0
Pi[7]  7.8e-6  2.6e-8 2.0e-6 4.0e-6 6.4e-6 7.8e-6 9.1e-6 1.2e-5   5702    1.0
Pi[8]    9.93    0.07   5.82    0.5   4.84   9.84  14.98  19.61   6723    1.0
lr       7.24  5.8e-3   0.45    6.4   6.93   7.22   7.52   8.16   5970    1.0
lg       8.46    0.01   0.88   6.82   7.84   8.45   9.09  10.18   4662    1.0
li       8.43  7.4e-3   0.56   7.41   8.04    8.4   8.81   9.58   5697    1.0
mu       0.99  1.5e-4   0.01   0.95   0.98   0.99    1.0    1.0   7494    1.0
dt      14.23  4.2e-3   0.32  13.57  14.01  14.23  14.45  14.85   6040    1.0
lp__   912.82    0.06   4.22 903.49 910.23 913.
None
N Space = 30.00, dt_max = 70 days
nspace mu_expec dt_expec mu_pos dt_pos chi_r chi_g chi_i
30.00  0.45  50.03  0.90  20.77  362.45  8370.55   244.30
        mean se_mean     sd   2.5%    25%    50%    75%  97.5%  n_eff   Rhat
Pr[1] 1.5e-6  1.6e-8 1.4e-6 4.4e-8 4.8e-7 1.1e-6 2.2e-6 5.1e-6   7172    1.0
Pr[2] 3.0e-5  6.9e-6 1.2e-5 7.2e-7 3.1e-5 3.4e-5 3.6e-5 4.1e-5      3   4.32
Pr[3] 1.1e-4  2.4e-6 7.2e-6 9.3e-5 1.0e-4 1.1e-4 1.1e-4 1.2e-4      9   1.22
Pr[4] 2.3e-5  1.7e-6 4.6e-6 1.3e-5 2.1e-5 2.4e-5 2.6e-5 3.1e-5      7   1.31
Pr[5] 9.6e-6  1.4e-6 3.9e-6 3.0e-6 6.9e-6 9.1e-6 1.2e-5 1.9e-5      8   1.29
Pr[6] 5.7e-6  6.1e-7 3.1e-6 4.2e-7 3.4e-6 5.5e-6 7.8e-6 1.2e-5     26   1.08
Pr[7] 4.6e-6  4.6e-8 2.7e-6 3.4e-7 2.5e-6 4.4e-6 6.4e-6 1.0e-5   3393   1.01
Pr[8]  12.45     3.3   9.72 5.8e-6   2.99  11.82  20.84  29.17      9   1.24
Pg[1] 3.5e-6  3.8e-8 2.2e-6 2.0e-7 1.8e-6 3.2e-6 4.9e-6 8.4e-6   3346   1.01
Pg[2] 1.4e-5  1.3e-6 3.0e-6 6.8e-6 1.3e-5 1.4e-5 1.6e-5 1.9e-5      6   1.45
Pg[3] 5.7e-5  1.0e-6 5.2e-6 4.8e-5 5.3e-5 5.7e-5 6.1e-5 6.8e-5     26   1.07
Pg[4] 4.3e-6  5.5e-7 2.3e-6 4.0e-7 2.6e-6 4.2e-6 5.9e-6 9.2e-6     18   1.11
Pg[5] 4.1e-6  1.4e-6 3.0e-6 3.5e-7 2.1e-6 3.3e-6 5.2e-6 1.2e-5      5    1.7
Pg[6] 4.6e-6  6.0e-7 2.2e-6 5.0e-7 3.1e-6 4.7e-6 6.1e-6 9.1e-6     14   1.14
Pg[7] 3.7e-6  2.5e-8 1.9e-6 3.9e-7 2.3e-6 3.6e-6 5.0e-6 7.9e-6   6122    1.0
Pg[8]  12.37    3.28   9.62 2.2e-6   2.95  11.91  20.79  29.04      9   1.24
Pi[1] 1.7e-6  1.6e-8 1.4e-6 5.7e-8 6.2e-7 1.3e-6 2.4e-6 5.1e-6   7413    1.0
Pi[2] 2.3e-5  4.9e-6 8.7e-6 1.2e-6 2.4e-5 2.6e-5 2.8e-5 3.1e-5      3   4.06
Pi[3] 6.9e-5  3.9e-6 7.8e-6 5.8e-5 6.3e-5 6.7e-5 7.1e-5 8.7e-5      4    2.0
Pi[4] 2.9e-5  4.0e-8 2.7e-6 2.4e-5 2.7e-5 2.9e-5 3.1e-5 3.5e-5   4329   1.01
Pi[5] 1.2e-5  9.1e-7 2.6e-6 7.7e-6 1.0e-5 1.2e-5 1.4e-5 1.8e-5      8   1.25
Pi[6] 9.9e-6  3.7e-8 2.3e-6 5.2e-6 8.4e-6 9.9e-6 1.1e-5 1.4e-5   3933   1.01
Pi[7] 7.6e-6  1.0e-7 2.3e-6 2.7e-6 6.2e-6 7.7e-6 9.1e-6 1.2e-5    494   1.02
Pi[8]  12.34    3.27    9.6 3.1e-6   2.96  11.73  20.72  28.91      9   1.24
lr       8.9    2.16   3.79   6.42   6.99   7.32   7.81   18.5      3   6.12
lg      10.9    3.17   5.56   6.83   7.96   8.69   9.61  24.27      3   6.39
li      9.76    1.75   3.11   7.42   8.12   8.53   9.14  17.94      3   4.29
mu       0.9    0.12    0.2   0.42   0.97   0.99   0.99    1.0      3  12.07
dt     20.77    8.44  14.63  13.59  14.07  14.32  14.65  54.32      3  33.59
lp__   906.5    9.79  17.45 864.24 908.21 913.39 916.59 921.19      3   4.13

None
N Space = 60.00, dt_max = 70 days
nspace mu_expec dt_expec mu_pos dt_pos chi_r chi_g chi_i
60.00  0.45  50.03  0.99  14.25  131.22  162.48   71.88
         mean se_mean     sd   2.5%    25%     50%    75%  97.5%  n_eff   Rhat
Pr[1]  1.5e-6  1.6e-8 1.4e-6 4.1e-8 4.9e-7  1.1e-6 2.2e-6 5.3e-6   7300    1.0
Pr[2]  3.5e-5  3.8e-8 3.1e-6 2.9e-5 3.3e-5  3.5e-5 3.7e-5 4.1e-5   6701    1.0
Pr[3]  1.1e-4  8.3e-8 6.5e-6 9.3e-5 1.0e-4  1.0e-4 1.1e-4 1.2e-4   6052    1.0
Pr[4]  2.5e-5  4.3e-8 3.5e-6 1.8e-5 2.2e-5  2.5e-5 2.7e-5 3.2e-5   6667    1.0
Pr[5]  8.5e-6  3.7e-8 2.9e-6 2.9e-6 6.5e-6  8.5e-6 1.0e-5 1.4e-5   6082    1.0
Pr[6]  6.2e-6  3.6e-8 2.9e-6 9.2e-7 4.1e-6  6.1e-6 8.2e-6 1.2e-5   6384    1.0
Pr[7]  4.8e-6  3.3e-8 2.6e-6 4.3e-7 2.8e-6  4.6e-6 6.6e-6 1.0e-5   6398    1.0
Pr[8]   29.78     0.2  17.41   1.49  14.65    29.6   44.9  58.56   7340    1.0
Pg[1]  3.6e-6  2.9e-8 2.2e-6 2.3e-7 1.9e-6  3.4e-6 5.1e-6 8.4e-6   6118    1.0
Pg[2]  1.5e-5  2.6e-8 2.0e-6 1.1e-5 1.4e-5  1.5e-5 1.6e-5 1.9e-5   6296    1.0
Pg[3]  5.7e-5  6.8e-8 5.1e-6 4.9e-5 5.3e-5  5.6e-5 6.0e-5 6.8e-5   5641    1.0
Pg[4]  4.9e-6  2.9e-8 2.2e-6 9.8e-7 3.3e-6  4.7e-6 6.3e-6 9.7e-6   5794    1.0
Pg[5]  3.0e-6  2.1e-8 1.6e-6 3.3e-7 1.8e-6  2.9e-6 4.1e-6 6.5e-6   5975    1.0
Pg[6]  5.1e-6  2.7e-8 2.0e-6 1.3e-6 3.7e-6  5.1e-6 6.5e-6 9.2e-6   5654    1.0
Pg[7]  3.7e-6  2.4e-8 1.8e-6 5.3e-7 2.4e-6  3.6e-6 4.9e-6 7.6e-6   5786    1.0
Pg[8]   29.52    0.21  17.49   1.38  14.14   29.15  44.82  58.42   6908    1.0
Pi[1]  1.7e-6  1.8e-8 1.4e-6 6.1e-8 6.3e-7  1.4e-6 2.5e-6 5.2e-6   6290    1.0
Pi[2]  2.6e-5  2.9e-8 2.2e-6 2.2e-5 2.5e-5  2.6e-5 2.8e-5 3.1e-5   5854    1.0
Pi[3]  6.6e-5  5.5e-8 4.1e-6 5.8e-5 6.3e-5  6.6e-5 6.9e-5 7.4e-5   5723    1.0
Pi[4]  2.9e-5  3.3e-8 2.6e-6 2.4e-5 2.7e-5  2.9e-5 3.1e-5 3.5e-5   6247    1.0
Pi[5]  1.2e-5  2.4e-8 2.0e-6 7.7e-6 1.0e-5  1.1e-5 1.3e-5 1.5e-5   7130    1.0
Pi[6] 10.0e-6  2.6e-8 2.1e-6 5.8e-6 8.5e-6 10.0e-6 1.1e-5 1.4e-5   6708    1.0
Pi[7]  7.8e-6  2.4e-8 2.0e-6 4.0e-6 6.5e-6  7.8e-6 9.1e-6 1.2e-5   6514    1.0
Pi[8]   29.58     0.2  17.32   1.53  14.42   29.82  44.49  58.53   7345    1.0
lr       7.22  5.8e-3   0.45   6.37   6.91     7.2   7.51   8.16   6103    1.0
lg       8.39    0.01   0.84   6.77   7.78    8.39   9.01   9.91   5514    1.0
li       8.39  7.3e-3   0.54   7.39   8.01    8.37   8.76   9.48   5497    1.0
mu       0.99  1.6e-4   0.01   0.95   0.98    0.99    1.0    1.0   6937    1.0
dt      14.25  4.1e-3   0.31  13.62  14.04   14.26  14.46  14.86   5796    1.0
lp__   916.17    
None
